[{"id": 0, "img_name": "00000000", "width": 1892, "height": 1063, "position": [-0.4991625056286131, 0.0847302006896531, -0.276149571753082], "rotation": [[0.6628609471724863, 0.009922763954831982, 0.7486767683513965], [-0.08533702353168257, 0.9943977254249949, 0.062375925518980545], [-0.7438635339417756, -0.10523641206869908, 0.659994197282491]], "fy": 1880.2846974518968, "fx": 1899.5360925138461}, {"id": 1, "img_name": "00000001", "width": 1892, "height": 1063, "position": [-0.4979717899003939, 0.07848797575300337, -0.2854309234296075], "rotation": [[0.6743429056371036, 0.011191780361298061, 0.7383335219731342], [-0.08630576702242938, 0.9942266360685191, 0.06375508380158], [-0.7333573209531479, -0.10671522939215758, 0.6714155938166769]], "fy": 1880.2846974518968, "fx": 1899.5360925138461}, {"id": 2, "img_name": "00000002", "width": 1892, "height": 1063, "position": [-0.4917291460074877, 0.06883123467914332, -0.3060494424073119], "rotation": [[0.6880055810903134, 0.013458215228011269, 0.725580592926421], [-0.08756341511642622, 0.9940627147806825, 0.06459076881418473], [-0.7204033375281714, -0.10797312408991215, 0.6850991430096346]], "fy": 1880.2846974518968, "fx": 1899.5360925138461}, {"id": 3, "img_name": "00000003", "width": 1892, "height": 1063, "position": [-0.48953397564038104, 0.06658735517724025, -0.3105783004228332], "rotation": [[0.6922975039624374, 0.013754090418190788, 0.7214811092496788], [-0.08772339528360283, 0.9940071577867516, 0.0652255792509395], [-0.7162602682875099, -0.10844627824629137, 0.6893552297670862]], "fy": 1880.2846974518968, "fx": 1899.5360925138461}, {"id": 4, "img_name": "00000004", "width": 1892, "height": 1063, "position": [-0.481883956720812, 0.055717004480539026, -0.32392107113798413], "rotation": [[0.7059179737452806, 0.01460307247187496, 0.708143039659177], [-0.08817682931683785, 0.9938215839347911, 0.06740553446841142], [-0.7027835094216331, -0.11002458625109264, 0.7028441714244269]], "fy": 1880.2846974518968, "fx": 1899.5360925138461}, {"id": 5, "img_name": "00000005", "width": 1892, "height": 1063, "position": [-0.47095575584002775, 0.04759840531037079, -0.3464049082903486], "rotation": [[0.7244891006779889, 0.01660356506205038, 0.6890862534008562], [-0.08946442876330493, 0.993518510988732, 0.07012192459415553], [-0.6834556744843474, -0.11245127811618309, 0.7212787609968719]], "fy": 1880.2846974518968, "fx": 1899.5360925138461}, {"id": 6, "img_name": "00000006", "width": 1892, "height": 1063, "position": [-0.4634702189582178, 0.04085755832458318, -0.3589511085876608], "rotation": [[0.7329302611774164, 0.017214910344054462, 0.6800859350936839], [-0.08992351527796702, 0.9933596519981451, 0.07176603083755767], [-0.6743344820268775, -0.11375521370016502, 0.7296113744354401]], "fy": 1880.2846974518968, "fx": 1899.5360925138461}, {"id": 7, "img_name": "00000007", "width": 1892, "height": 1063, "position": [-0.4589927037143079, 0.0355928929369847, -0.37464040316975544], "rotation": [[0.7419854809920337, 0.018255229236856418, 0.6701673616362784], [-0.09085005007701426, 0.9931461071206942, 0.0735328383242116], [-0.6642317475083711, -0.11544503677733602, 0.7385584804776498]], "fy": 1880.2846974518968, "fx": 1899.5360925138461}, {"id": 8, "img_name": "00000008", "width": 1892, "height": 1063, "position": [-0.44775543225594233, 0.04301211007518181, -0.40988982615053116], "rotation": [[0.7619587051549197, 0.0216468673055391, 0.6472637366441087], [-0.09199465097151237, 0.9929242757473139, 0.07508905928497163], [-0.6410584340224122, -0.11675956392316969, 0.7585586914677097]], "fy": 1880.2846974518968, "fx": 1899.5360925138461}, {"id": 9, "img_name": "00000009", "width": 1892, "height": 1063, "position": [-0.44082053225401246, 0.044029770600766696, -0.42732308108301253], "rotation": [[0.7708750467966654, 0.02319803818742387, 0.6365638328168619], [-0.09259833666632841, 0.9928022321523742, 0.07595574948542393], [-0.6302199697509339, -0.11749714403983613, 0.7674745669203727]], "fy": 1880.2846974518968, "fx": 1899.5360925138461}, {"id": 10, "img_name": "00000010", "width": 1892, "height": 1063, "position": [-0.43443276979208933, 0.04427895301479049, -0.4452310064390723], "rotation": [[0.7799896615653151, 0.02468661553807249, 0.6253052845326837], [-0.09307748129027997, 0.9926838012468504, 0.07691198358358071], [-0.6188317302206495, -0.11819239296747826, 0.7765808701717668]], "fy": 1880.2846974518968, "fx": 1899.5360925138461}, {"id": 11, "img_name": "00000011", "width": 1892, "height": 1063, "position": [-0.42607271166622673, 0.03942665183793743, -0.4593300348218253], "rotation": [[0.7897049905293806, 0.025667868073295, 0.6129495807010251], [-0.09343763506706619, 0.992500270245476, 0.07882018723481267], [-0.606329478325163, -0.11951725444984541, 0.7861807614045936]], "fy": 1880.2846974518968, "fx": 1899.5360925138461}, {"id": 12, "img_name": "00000012", "width": 1892, "height": 1063, "position": [-0.40220546808172475, 0.025175825213809636, -0.48447664584592864], "rotation": [[0.8081026303121424, 0.02962924314454786, 0.5882960537291392], [-0.09573952609828527, 0.9920605556366199, 0.08154628803591701], [-0.5812091551456092, -0.12222095524353525, 0.8045234341361879]], "fy": 1880.2846974518968, "fx": 1899.5360925138461}, {"id": 13, "img_name": "00000013", "width": 1892, "height": 1063, "position": [-0.3895955587637838, 0.01868292564612713, -0.49835713561341866], "rotation": [[0.8177758540258788, 0.03088894934240024, 0.5747073388958654], [-0.09620394662239064, 0.9918460368707803, 0.08358372926594476], [-0.567439382865272, -0.12364186973775984, 0.8140793786979438]], "fy": 1880.2846974518968, "fx": 1899.5360925138461}, {"id": 14, "img_name": "00000014", "width": 1892, "height": 1063, "position": [-0.366288531826586, 0.021233618769111166, -0.5161529451847029], "rotation": [[0.8365660539019073, 0.03485502999936232, 0.546756220214032], [-0.09796333349325852, 0.9914072598660641, 0.08668812130708], [-0.539036569028373, -0.12608240150237443, 0.8327921741236008]], "fy": 1880.2846974518968, "fx": 1899.5360925138461}, {"id": 15, "img_name": "00000015", "width": 1892, "height": 1063, "position": [-0.3516163119713681, 0.026201660785691094, -0.5187198652705031], "rotation": [[0.8453622190812103, 0.0373624295529929, 0.5328853229429287], [-0.09888650346455923, 0.991255573697568, 0.08737188933552421], [-0.524961120448596, -0.12655606058740537, 0.8416646514770305]], "fy": 1880.2846974518968, "fx": 1899.5360925138461}, {"id": 16, "img_name": "00000016", "width": 1892, "height": 1063, "position": [-0.3439613835094297, 0.025907436317291924, -0.5193613796039454], "rotation": [[0.849497558901802, 0.03817004728742444, 0.5262099817657921], [-0.09920370691853767, 0.9911455430012344, 0.08825608830221829], [-0.518181939046027, -0.127175312379659, 0.845762329480118]], "fy": 1880.2846974518968, "fx": 1899.5360925138461}, {"id": 17, "img_name": "00000017", "width": 1892, "height": 1063, "position": [-0.3249784920070324, 0.013979078970680084, -0.5224724259403432], "rotation": [[0.863687005250892, 0.04171775675615871, 0.5022990998717589], [-0.10069598277081232, 0.9907599476989883, 0.09085727868100703], [-0.4938674680666521, -0.1290517524357259, 0.859907302666225]], "fy": 1880.2846974518968, "fx": 1899.5360925138461}, {"id": 18, "img_name": "00000018", "width": 1892, "height": 1063, "position": [-0.31158933107075004, -0.006630635828858659, -0.5325057015717832], "rotation": [[0.8800397992452719, 0.04578708146615638, 0.47268752354505106], [-0.1025133425134396, 0.9901904027541126, 0.09494198702560672], [-0.46370353282141796, -0.13200950520496552, 0.8761007500193551]], "fy": 1880.2846974518968, "fx": 1899.5360925138461}, {"id": 19, "img_name": "00000019", "width": 1892, "height": 1063, "position": [-0.3070839425940039, -0.009915619015697697, -0.5363649269975125], "rotation": [[0.8837041257100893, 0.046715922179571726, 0.46570875106430937], [-0.1031031929703359, 0.9899945631378423, 0.09633533389589986], [-0.4565487375979572, -0.13314799124442334, 0.8796788406147361]], "fy": 1880.2846974518968, "fx": 1899.5360925138461}, {"id": 20, "img_name": "00000020", "width": 1892, "height": 1063, "position": [-0.28694308792882, -0.006703188805772295, -0.5505070731309007], "rotation": [[0.8939741002913942, 0.05044186195601213, 0.44527062172414095], [-0.10440985623304931, 0.9897432749576648, 0.09750298250551379], [-0.4357853714038441, -0.13365578266011227, 0.8900714813046908]], "fy": 1880.2846974518968, "fx": 1899.5360925138461}, {"id": 21, "img_name": "00000021", "width": 1892, "height": 1063, "position": [-0.2655448228346617, 0.003879921897560598, -0.5696163627652133], "rotation": [[0.9074836688844413, 0.05530874556854886, 0.41643046643067244], [-0.10607771256724362, 0.989340558687253, 0.09976360976275626], [-0.4064737502035464, -0.1347078379309378, 0.9036774251885664]], "fy": 1880.2846974518968, "fx": 1899.5360925138461}, {"id": 22, "img_name": "00000022", "width": 1892, "height": 1063, "position": [-0.2578781534650066, 0.004206185249534089, -0.5755150850825549], "rotation": [[0.9141290240621528, 0.057830641682337695, 0.40127763985772386], [-0.10712557478016961, 0.9890511295329706, 0.10149864234349525], [-0.39101437134099604, -0.13576995268528136, 0.910315484517671]], "fy": 1880.2846974518968, "fx": 1899.5360925138461}, {"id": 23, "img_name": "00000023", "width": 1892, "height": 1063, "position": [-0.24723725524742707, -0.007133928140903998, -0.5791700571747223], "rotation": [[0.9264101467248137, 0.06252686078612485, 0.37128780174622167], [-0.108726011500071, 0.9885308545263075, 0.10481127836628448], [-0.3604759277241624, -0.13746687357222068, 0.9225833101686176]], "fy": 1880.2846974518968, "fx": 1899.5360925138461}, {"id": 24, "img_name": "00000024", "width": 1892, "height": 1063, "position": [-0.24172582939263562, -0.011496933784309746, -0.576545206061282], "rotation": [[0.931336284413892, 0.06520036632250152, 0.3582759237871521], [-0.1100385824597404, 0.9882371766617601, 0.10620166210490237], [-0.3471372001160011, -0.13833363616635166, 0.9275556961178227]], "fy": 1880.2846974518968, "fx": 1899.5360925138461}, {"id": 25, "img_name": "00000025", "width": 1892, "height": 1063, "position": [-0.23108317373669673, 0.004924249770450628, -0.5748493148724853], "rotation": [[0.9383206271097978, 0.06998166448502638, 0.33861034741451856], [-0.11229273449575469, 0.9878972466951174, 0.10700173714324594], [-0.32702407024520647, -0.13842541893782204, 0.9348227965085932]], "fy": 1880.2846974518968, "fx": 1899.5360925138461}, {"id": 26, "img_name": "00000026", "width": 1892, "height": 1063, "position": [-0.22539463669081208, 0.0093187564115515, -0.574971723507087], "rotation": [[0.9405354669987215, 0.07106528878280616, 0.33217880734284283], [-0.11254261452241214, 0.987834232199, 0.10732049949693634], [-0.3205108348152319, -0.13832300758018723, 0.9370910043000171]], "fy": 1880.2846974518968, "fx": 1899.5360925138461}, {"id": 27, "img_name": "00000027", "width": 1892, "height": 1063, "position": [-0.2062761113217627, 0.03216143668430499, -0.5902624699123481], "rotation": [[0.9488257624670232, 0.07705910456293195, 0.30625408876100113], [-0.11477859639835442, 0.9876003390356429, 0.10710482783472841], [-0.2942032397641054, -0.13677523438343023, 0.9459053805596318]], "fy": 1880.2846974518968, "fx": 1899.5360925138461}, {"id": 28, "img_name": "00000028", "width": 1892, "height": 1063, "position": [-0.19825160949030476, 0.038468515208624404, -0.600701959436627], "rotation": [[0.9527789936415793, 0.07985311838663889, 0.29297724955919197], [-0.11560332801787018, 0.9875384733464697, 0.10678779991982444], [-0.2807989669256857, -0.1356143176233733, 0.9501371990554914]], "fy": 1880.2846974518968, "fx": 1899.5360925138461}, {"id": 29, "img_name": "00000029", "width": 1892, "height": 1063, "position": [-0.17529920602080376, 0.025617389843499063, -0.6129367513760413], "rotation": [[0.9605711504543236, 0.08484963414994452, 0.2647708528132912], [-0.11716514736223795, 0.9871431515352329, 0.1087231650600418], [-0.25214161330181506, -0.13545825172985435, 0.9581626526221159]], "fy": 1880.2846974518968, "fx": 1899.5360925138461}, {"id": 30, "img_name": "00000030", "width": 1892, "height": 1063, "position": [-0.1673385389209374, 0.024140504149646472, -0.6184428967239548], "rotation": [[0.964705087258491, 0.08798694702487342, 0.24819829123269382], [-0.11795182039137803, 0.9870696041877578, 0.10854015181020951], [-0.2354388724997363, -0.13398467689204369, 0.9626092892104188]], "fy": 1880.2846974518968, "fx": 1899.5360925138461}, {"id": 31, "img_name": "00000031", "width": 1892, "height": 1063, "position": [-0.1612762654233225, 0.024962456101653204, -0.6219833197236762], "rotation": [[0.9685268567473178, 0.09056855494918034, 0.2318470716088042], [-0.11831807032269633, 0.9870079065777363, 0.10870246817873093], [-0.21898986733242745, -0.1327129579485433, 0.9666595619959872]], "fy": 1880.2846974518968, "fx": 1899.5360925138461}, {"id": 32, "img_name": "00000032", "width": 1892, "height": 1063, "position": [-0.13745867091292724, 0.02086715239827652, -0.6330469542915065], "rotation": [[0.9744391225578459, 0.09598431158961358, 0.20311427413493854], [-0.12004836155803367, 0.9866934265748186, 0.10965615733407116], [-0.18988624835918638, -0.13123678555462612, 0.9729954361667696]], "fy": 1880.2846974518968, "fx": 1899.5360925138461}, {"id": 33, "img_name": "00000033", "width": 1892, "height": 1063, "position": [-0.12311282860888588, 0.02480692984384609, -0.6497849312539553], "rotation": [[0.9771653118456561, 0.0990670002341308, 0.18797255860947457], [-0.12107679249782811, 0.9865907305782112, 0.10944926064432527], [-0.1746091739973003, -0.1297091353828338, 0.9760569535402215]], "fy": 1880.2846974518968, "fx": 1899.5360925138461}, {"id": 34, "img_name": "00000034", "width": 1892, "height": 1063, "position": [-0.11115836010833656, 0.027708659359180463, -0.6613275715978393], "rotation": [[0.9796677064161639, 0.10121610606284451, 0.1732237999778551], [-0.1212786253123151, 0.9865678760564912, 0.10943180970695371], [-0.15982077476863887, -0.1282151543572711, 0.9787840385628963]], "fy": 1880.2846974518968, "fx": 1899.5360925138461}, {"id": 35, "img_name": "00000035", "width": 1892, "height": 1063, "position": [-0.09903178161519997, 0.02583537639855581, -0.6687008145254985], "rotation": [[0.9818005036914639, 0.10327276948231028, 0.15938163644109515], [-0.1216466693686643, 0.98643945034596, 0.11017848534387735], [-0.14584189652736518, -0.12756153763816794, 0.9810495376547952]], "fy": 1880.2846974518968, "fx": 1899.5360925138461}, {"id": 36, "img_name": "00000036", "width": 1892, "height": 1063, "position": [-0.07339242223263362, 0.01793222225779451, -0.6884533892433349], "rotation": [[0.9850314981374259, 0.10823550374433405, 0.13415671211813654], [-0.1235237691197899, 0.9860669951514531, 0.1114170522650137], [-0.12022822522011688, -0.12632084864421314, 0.9846767068729851]], "fy": 1880.2846974518968, "fx": 1899.5360925138461}, {"id": 37, "img_name": "00000037", "width": 1892, "height": 1063, "position": [-0.05819574350103533, 0.01510549048288244, -0.7011519897046278], "rotation": [[0.9865982236709735, 0.1105140306877212, 0.12004413384431974], [-0.12406570586463792, 0.9859343435491582, 0.11198736910294635], [-0.1059794587530465, -0.12537989963085716, 0.9864320732270253]], "fy": 1880.2846974518968, "fx": 1899.5360925138461}, {"id": 38, "img_name": "00000038", "width": 1892, "height": 1063, "position": [-0.04397426627403082, 0.01178269285736814, -0.7101310572846754], "rotation": [[0.9878900199612223, 0.11266003594469179, 0.10668188581927424], [-0.12460913153548994, 0.9857619783361502, 0.11289768113106002], [-0.09244389000354147, -0.12482402960864665, 0.9878628896933384]], "fy": 1880.2846974518968, "fx": 1899.5360925138461}, {"id": 39, "img_name": "00000039", "width": 1892, "height": 1063, "position": [-0.017005965957209605, 0.004892805993057782, -0.7179040529026464], "rotation": [[0.9901217115762413, 0.11669463908472087, 0.07772616981571302], [-0.12513385736959698, 0.9855209945261989, 0.11441104443145898], [-0.06324961664025863, -0.12300703458330607, 0.9903881842176235]], "fy": 1880.2846974518968, "fx": 1899.5360925138461}, {"id": 40, "img_name": "00000040", "width": 1892, "height": 1063, "position": [-0.007078800489104696, -0.003078703589788765, -0.7192267154955774], "rotation": [[0.991056686900954, 0.11862907285036589, 0.06110471686839705], [-0.1250703225848698, 0.9854098380673498, 0.11543338099785463], [-0.046519434190679866, -0.1220434107796969, 0.9914339857639727]], "fy": 1880.2846974518968, "fx": 1899.5360925138461}, {"id": 41, "img_name": "00000041", "width": 1892, "height": 1063, "position": [0.011770229130687978, -0.01817344712884864, -0.7211406484726068], "rotation": [[0.991892392280708, 0.12371910289123872, 0.029035593939872158], [-0.12628939197442526, 0.9850992568659873, 0.11674949077751685], [-0.014158799750827296, -0.1194698192091484, 0.9927368688065076]], "fy": 1880.2846974518968, "fx": 1899.5360925138461}, {"id": 42, "img_name": "00000042", "width": 1892, "height": 1063, "position": [0.023295882000527124, -0.02332958397922369, -0.722918445677665], "rotation": [[0.9918953246996763, 0.12613027802540738, 0.015323765991327322], [-0.12705737405228698, 0.9849348303878641, 0.11730218918573862], [-0.0002975531225851455, -0.11829849049782085, 0.9929780353099843]], "fy": 1880.2846974518968, "fx": 1899.5360925138461}, {"id": 43, "img_name": "00000043", "width": 1892, "height": 1063, "position": [0.039419592308154845, -0.022242066953341164, -0.7230060302096876], "rotation": [[0.9917773992974003, 0.12797023214110462, 0.001099967561906663], [-0.12720083165811719, 0.9847977026515525, 0.1182938429408212], [0.014054845014043346, -0.11746107669341425, 0.9929780243256419]], "fy": 1880.2846974518968, "fx": 1899.5360925138461}, {"id": 44, "img_name": "00000044", "width": 1892, "height": 1063, "position": [0.0854115359574473, -0.013501255830037254, -0.7219946926554687], "rotation": [[0.9908669943527801, 0.13185096951402056, -0.02824750149129106], [-0.12764040068446758, 0.9846784294486031, 0.1188121150882389], [0.04348019796868724, -0.11412148096149635, 0.9925148663711586]], "fy": 1880.2846974518968, "fx": 1899.5360925138461}, {"id": 45, "img_name": "00000045", "width": 1892, "height": 1063, "position": [0.10247011528322508, -0.010471579914891147, -0.7229601876471285], "rotation": [[0.9900269305053129, 0.13396621935517988, -0.043585880120839526], [-0.12794415437621046, 0.9845140542242418, 0.11984310741925719], [0.0589658395614341, -0.11307134520570197, 0.9918356217933434]], "fy": 1880.2846974518968, "fx": 1899.5360925138461}, {"id": 46, "img_name": "00000046", "width": 1892, "height": 1063, "position": [0.114664752380606, -0.006717870207378518, -0.7189783815459547], "rotation": [[0.9890168848144621, 0.1354140217779049, -0.059233810090438786], [-0.12753966225185984, 0.984427000920541, 0.12098394278279608], [0.07469428428319388, -0.1121005020707867, 0.990885584379397]], "fy": 1880.2846974518968, "fx": 1899.5360925138461}, {"id": 47, "img_name": "00000047", "width": 1892, "height": 1063, "position": [0.13402474690875324, -0.003937647933906657, -0.7067305063907839], "rotation": [[0.9870084795738617, 0.13867190829389175, -0.0811440885057216], [-0.12817348477559146, 0.9841236260740711, 0.12276907755336124], [0.0968804368785315, -0.11077359998191122, 0.9891124256105938]], "fy": 1880.2846974518968, "fx": 1899.5360925138461}, {"id": 48, "img_name": "00000048", "width": 1892, "height": 1063, "position": [0.15015828064462977, 0.006742653970450331, -0.6858219374608199], "rotation": [[0.9824400024418654, 0.14208294050393747, -0.12093006086074021], [-0.12681787426565924, 0.9839221618061029, 0.12575534292245427], [0.1368534558159465, -0.10821098615463771, 0.9846631475315167]], "fy": 1880.2846974518968, "fx": 1899.5360925138461}, {"id": 49, "img_name": "00000049", "width": 1892, "height": 1063, "position": [0.1519709999303515, 0.0034764439050613124, -0.6727896563199526], "rotation": [[0.9799517681598896, 0.14392798437058152, -0.13776526193249003], [-0.1265736126245601, 0.9837414594811151, 0.12740432286674316], [0.15386244722957498, -0.10741264456751437, 0.982236667570265]], "fy": 1880.2846974518968, "fx": 1899.5360925138461}, {"id": 50, "img_name": "00000050", "width": 1892, "height": 1063, "position": [0.1526952646638075, 0.0005047628670541396, -0.6680119886108877], "rotation": [[0.9786247433711235, 0.145098098384169, -0.14574002026588623], [-0.12668891595769113, 0.9835779993219619, 0.12854663676375266], [0.16199855010236353, -0.1073352742350114, 0.9809360879637505]], "fy": 1880.2846974518968, "fx": 1899.5360925138461}, {"id": 51, "img_name": "00000051", "width": 1892, "height": 1063, "position": [0.14849385730069012, 0.0034847766231427884, -0.6378948671086416], "rotation": [[0.9710635052060792, 0.15063304923822526, -0.18532499381917467], [-0.12723548692073336, 0.9830086037434451, 0.13230727808554726], [0.20210591214738532, -0.1048988533948624, 0.9737296497650241]], "fy": 1880.2846974518968, "fx": 1899.5360925138461}, {"id": 52, "img_name": "00000052", "width": 1892, "height": 1063, "position": [0.1488201333847154, 0.004116790969759849, -0.6299903458063945], "rotation": [[0.9694254037020492, 0.15219768412199813, -0.19248441912274206], [-0.12785874466453526, 0.9828119018836727, 0.13316496133971334], [0.20944337676309588, -0.10448268020920333, 0.9722226295794463]], "fy": 1880.2846974518968, "fx": 1899.5360925138461}, {"id": 53, "img_name": "00000053", "width": 1892, "height": 1063, "position": [0.15563003697250327, 0.00857871283414979, -0.6159295205680388], "rotation": [[0.9658275790560104, 0.15449646614524948, -0.20810557292738716], [-0.12829795533871846, 0.9826323825942832, 0.1340642955189275], [0.2252037348507135, -0.10278347447771895, 0.9688750358965689]], "fy": 1880.2846974518968, "fx": 1899.5360925138461}, {"id": 54, "img_name": "00000054", "width": 1892, "height": 1063, "position": [0.19442588451542026, 0.016188675608308285, -0.5893514596710262], "rotation": [[0.9539734481731226, 0.16012443893756884, -0.2535642408456116], [-0.12809903086029428, 0.9820800332638563, 0.13823692183029843], [0.2711554876327158, -0.09939301947013911, 0.957390061159647]], "fy": 1880.2846974518968, "fx": 1899.5360925138461}, {"id": 55, "img_name": "00000055", "width": 1892, "height": 1063, "position": [0.20742184997998836, 0.01806859977557859, -0.5779185056375858], "rotation": [[0.9479885672498874, 0.16272517916807988, -0.2735657003869856], [-0.1277662349152584, 0.9817021550180648, 0.14119726643411437], [0.29153638808746435, -0.0989009347660759, 0.9514332028699186]], "fy": 1880.2846974518968, "fx": 1899.5360925138461}, {"id": 56, "img_name": "00000056", "width": 1892, "height": 1063, "position": [0.21882684939416397, 0.018901806117351417, -0.5661790832137541], "rotation": [[0.941670078523089, 0.16511246078491212, -0.2932496180864863], [-0.1274219314945055, 0.9814255031959678, 0.14341420100795785], [0.3114821256324811, -0.09768242917788357, 0.9452179793261336]], "fy": 1880.2846974518968, "fx": 1899.5360925138461}, {"id": 57, "img_name": "00000057", "width": 1892, "height": 1063, "position": [0.2400546286661473, 0.017143832236940208, -0.5448181360442721], "rotation": [[0.9296605899022422, 0.169322689024532, -0.3272017948668936], [-0.12671629514506047, 0.9809004658367466, 0.147571191856552], [0.34593954403526206, -0.09572932206359226, 0.9333604495423621]], "fy": 1880.2846974518968, "fx": 1899.5360925138461}, {"id": 58, "img_name": "00000058", "width": 1892, "height": 1063, "position": [0.2499610675203308, 0.016606521957793257, -0.535855611524502], "rotation": [[0.9228200545955895, 0.1715574125346377, -0.344922021681152], [-0.1263772058994413, 0.9806320174006757, 0.1496317087977382], [0.36391200676158403, -0.09449286032870963, 0.92662783828334]], "fy": 1880.2846974518968, "fx": 1899.5360925138461}, {"id": 59, "img_name": "00000059", "width": 1892, "height": 1063, "position": [0.25850072687122083, 0.013257951864572124, -0.5226550400733823], "rotation": [[0.9159808572545566, 0.17464050884493595, -0.3612198247793018], [-0.1267645312169848, 0.9801511576133024, 0.1524285467182624], [0.3806702283716784, -0.09383176913863059, 0.9199379198249026]], "fy": 1880.2846974518968, "fx": 1899.5360925138461}, {"id": 60, "img_name": "00000060", "width": 1892, "height": 1063, "position": [0.28682260241865204, 0.009663217109676842, -0.49716445894870764], "rotation": [[0.9019655832704995, 0.1786387797972996, -0.3931237374517589], [-0.12567744846414758, 0.9796028352755304, 0.1567911479251405], [0.41311410717022135, -0.09201343093632397, 0.9060189087344023]], "fy": 1880.2846974518968, "fx": 1899.5360925138461}, {"id": 61, "img_name": "00000061", "width": 1892, "height": 1063, "position": [0.3026939150737331, 0.010409411826781371, -0.48852492915351575], "rotation": [[0.8935741873501251, 0.18129747975461868, -0.4106779706000642], [-0.12571725613128276, 0.9792790334435214, 0.1587694749274692], [0.430952831772092, -0.09024299691691566, 0.8978506881965779]], "fy": 1880.2846974518968, "fx": 1899.5360925138461}, {"id": 62, "img_name": "00000062", "width": 1892, "height": 1063, "position": [0.31388354986493844, 0.009332971179423591, -0.48064651039312856], "rotation": [[0.8850438462943419, 0.18327688147864105, -0.42791000788948785], [-0.12505274089653712, 0.9790510614704631, 0.16068861511576718], [0.4483962557055767, -0.08870515063413043, 0.8894223935342507]], "fy": 1880.2846974518968, "fx": 1899.5360925138461}, {"id": 63, "img_name": "00000063", "width": 1892, "height": 1063, "position": [0.3160115106831017, 0.007370333844766355, -0.4708971848677049], "rotation": [[0.8764096305209127, 0.18405352870119412, -0.44500613265755784], [-0.1235230625086, 0.9790826910848498, 0.161676024959006], [0.4654548448117108, -0.08672590495744244, 0.8808123550737801]], "fy": 1880.2846974518968, "fx": 1899.5360925138461}, {"id": 64, "img_name": "00000064", "width": 1892, "height": 1063, "position": [0.3115344875424619, 0.00030475739293710897, -0.447214235995156], "rotation": [[0.8585945928785887, 0.18973863754323841, -0.47625053753553465], [-0.1240100002076281, 0.978267577416187, 0.1661748080328931], [0.4974302412682146, -0.08361696239101483, 0.8634647408391064]], "fy": 1880.2846974518968, "fx": 1899.5360925138461}, {"id": 65, "img_name": "00000065", "width": 1892, "height": 1063, "position": [0.3162255970746083, -0.0026034376598147715, -0.4316452196738752], "rotation": [[0.8494992427804041, 0.19265114096464453, -0.491158400519161], [-0.12461879796462234, 0.9778747234997061, 0.16802136868334885], [0.5126608934855209, -0.08152645598450756, 0.8547117907606244]], "fy": 1880.2846974518968, "fx": 1899.5360925138461}, {"id": 66, "img_name": "00000066", "width": 1892, "height": 1063, "position": [0.33626189307921717, 0.0012628619706055468, -0.4021988391341971], "rotation": [[0.8299543655133361, 0.19596667455424524, -0.52227656814135], [-0.12309224488396017, 0.9775210851171237, 0.17117484453291631], [0.5440809226712355, -0.07777911426335112, 0.8354198698676165]], "fy": 1880.2846974518968, "fx": 1899.5360925138461}, {"id": 67, "img_name": "00000067", "width": 1892, "height": 1063, "position": [0.34572186909935215, 0.00628621003076224, -0.3894721787339214], "rotation": [[0.8198810213354507, 0.19792946105163634, -0.5372327608232275], [-0.1227222824517099, 0.9772874050895256, 0.17276738477856343], [0.5592265661105355, -0.0757182692696433, 0.8255497510477663]], "fy": 1880.2846974518968, "fx": 1899.5360925138461}, {"id": 68, "img_name": "00000068", "width": 1892, "height": 1063, "position": [0.3574947614849004, 0.008759455703225392, -0.3774258506020899], "rotation": [[0.8090074807997666, 0.1990351396225515, -0.5530749580350267], [-0.12175822403138392, 0.9772628460335829, 0.17358647597973975], [0.575049416042429, -0.07309133298670135, 0.8148471182691197]], "fy": 1880.2846974518968, "fx": 1899.5360925138461}, {"id": 69, "img_name": "00000069", "width": 1892, "height": 1063, "position": [0.38549740021727974, -0.0013095695486866337, -0.3608295122786896], "rotation": [[0.7862532500349461, 0.20171685979293313, -0.5840514834197089], [-0.11947688543495905, 0.9770057149330126, 0.17659305432262687], [0.6062434334953626, -0.0690662107221087, 0.7922744208165772]], "fy": 1880.2846974518968, "fx": 1899.5360925138461}, {"id": 70, "img_name": "00000070", "width": 1892, "height": 1063, "position": [0.4025640202012142, -0.006137317116919533, -0.3576711519211473], "rotation": [[0.7749507203912452, 0.2036977546392656, -0.5982964196115597], [-0.1191422385499583, 0.9767499011669708, 0.17822670272329424], [0.6206903478856385, -0.0668345369194268, 0.7812020460267439]], "fy": 1880.2846974518968, "fx": 1899.5360925138461}, {"id": 71, "img_name": "00000071", "width": 1892, "height": 1063, "position": [0.41118062343027983, -0.008164204454912094, -0.35521114249896335], "rotation": [[0.7694595541847709, 0.20379206511876066, -0.6053104894749509], [-0.11780966339599813, 0.9767536840971489, 0.17908970884215764], [0.6277363122237676, -0.06649086250965613, 0.7755811289081411]], "fy": 1880.2846974518968, "fx": 1899.5360925138461}, {"id": 72, "img_name": "00000072", "width": 1892, "height": 1063, "position": [0.43506952178782693, -0.020217989093112648, -0.34550088070338225], "rotation": [[0.7522909279281808, 0.20480987915029297, -0.6261878896620401], [-0.11607326231191982, 0.976788019537256, 0.18003378200980283], [0.6485255257375958, -0.06275410975328488, 0.7586017164334968]], "fy": 1880.2846974518968, "fx": 1899.5360925138461}, {"id": 73, "img_name": "00000073", "width": 1892, "height": 1063, "position": [0.4456230169982069, -0.041001052497073705, -0.33997276199080934], "rotation": [[0.7287029306957977, 0.20643097900259968, -0.6529764848012398], [-0.11383574754571496, 0.9767342859655598, 0.18174585882505406], [0.6753024962015644, -0.05810667369051926, 0.7352483615055255]], "fy": 1880.2846974518968, "fx": 1899.5360925138461}, {"id": 74, "img_name": "00000074", "width": 1892, "height": 1063, "position": [0.4528528883831815, -0.042910121343660866, -0.33411729195649476], "rotation": [[0.719177310033214, 0.2071648017235517, -0.6632245032115686], [-0.11326876180565974, 0.9767046230483369, 0.18225879105003084], [0.6855320447159293, -0.055953768799318605, 0.7258891040818489]], "fy": 1880.2846974518968, "fx": 1899.5360925138461}, {"id": 75, "img_name": "00000075", "width": 1892, "height": 1063, "position": [0.4688102049343508, -0.04386077775551402, -0.32613572558404424], "rotation": [[0.7068338354350807, 0.20842106140174296, -0.6759782468750779], [-0.11248124944218109, 0.9765661655240065, 0.18348431234758059], [0.6983794796584867, -0.05365804243456488, 0.7137134697299973]], "fy": 1880.2846974518968, "fx": 1899.5360925138461}, {"id": 76, "img_name": "00000076", "width": 1892, "height": 1063, "position": [0.4962831548033579, -0.041498685253376286, -0.3182296681529628], "rotation": [[0.6903219810698289, 0.20963201762939893, -0.6924665909893806], [-0.11234798618439368, 0.9765533289697249, 0.18363421706876734], [0.7147261660609174, -0.0489695095214893, 0.6976879636951512]], "fy": 1880.2846974518968, "fx": 1899.5360925138461}, {"id": 77, "img_name": "00000077", "width": 1892, "height": 1063, "position": [0.5042287118398818, -0.05204862722907363, -0.2953419194270615], "rotation": [[0.6648725469842774, 0.2099165016256738, -0.7168539311546517], [-0.11013860114865806, 0.9767600968211206, 0.18387278698875412], [0.7387922473900608, -0.043298679001020676, 0.6725408832131397]], "fy": 1880.2846974518968, "fx": 1899.5360925138461}, {"id": 78, "img_name": "00000078", "width": 1892, "height": 1063, "position": [0.5059406977704971, -0.05401925282246996, -0.2872407307426973], "rotation": [[0.6578872636656392, 0.21095368204246634, -0.7229681129477729], [-0.10990954982825579, 0.976584334170013, 0.1849403393266668], [0.7450531787483946, -0.0422087939467423, 0.6656682195737406]], "fy": 1880.2846974518968, "fx": 1899.5360925138461}, {"id": 79, "img_name": "00000079", "width": 1892, "height": 1063, "position": [0.5145552267286101, -0.0703689451290655, -0.25671876558606094], "rotation": [[0.6329542715065527, 0.2093552945453929, -0.7453450548755394], [-0.10723677424300315, 0.9771708771690898, 0.18340488287542034], [0.7667262643418212, -0.03615850464832929, 0.6409550671537223]], "fy": 1880.2846974518968, "fx": 1899.5360925138461}, {"id": 80, "img_name": "00000080", "width": 1892, "height": 1063, "position": [0.5228206156064659, -0.06887354655215183, -0.2480648469291417], "rotation": [[0.6190708818317803, 0.2108201180800405, -0.7565091678761995], [-0.10709700651042083, 0.9769585707112135, 0.1846136027231208], [0.7779983769035312, -0.03326903855871394, 0.6273848074418521]], "fy": 1880.2846974518968, "fx": 1899.5360925138461}, {"id": 81, "img_name": "00000081", "width": 1892, "height": 1063, "position": [0.5421042036850733, -0.03898059690559268, -0.23736710751784054], "rotation": [[0.5899346326433028, 0.2087212394174726, -0.7800080598455669], [-0.10621061510752051, 0.9776781359962134, 0.18128642429440578], [0.800435153180127, -0.024102004294316855, 0.5989346032268491]], "fy": 1880.2846974518968, "fx": 1899.5360925138461}, {"id": 82, "img_name": "00000082", "width": 1892, "height": 1063, "position": [0.5464996836297917, -0.03453528228441788, -0.23302818528750724], "rotation": [[0.5845941300375219, 0.20875465401459034, -0.7840096922570037], [-0.10610308062364748, 0.9777033892218495, 0.18121318656841914], [0.8043580293674235, -0.02275032156602622, 0.5937091741423554]], "fy": 1880.2846974518968, "fx": 1899.5360925138461}, {"id": 83, "img_name": "00000083", "width": 1892, "height": 1063, "position": [0.5685354588148283, -0.03861632773100541, -0.2146092062801342], "rotation": [[0.5633844271469317, 0.20920153734037428, -0.7992701070493925], [-0.10617765663545682, 0.9777222123478687, 0.18106788978996827], [0.8193438182348888, -0.017146202378749798, 0.5730459975117709]], "fy": 1880.2846974518968, "fx": 1899.5360925138461}, {"id": 84, "img_name": "00000084", "width": 1892, "height": 1063, "position": [0.5756446373686519, -0.037320184052408, -0.21217018903103396], "rotation": [[0.5577140285972714, 0.20928682874832336, -0.8032148439977138], [-0.10620736156855239, 0.9777291125265213, 0.18101320080797417], [0.8232102153486972, -0.015646272098208534, 0.5675210441164099]], "fy": 1880.2846974518968, "fx": 1899.5360925138461}, {"id": 85, "img_name": "00000085", "width": 1892, "height": 1063, "position": [0.5952306256944192, -0.032451776755702, -0.2058359655074279], "rotation": [[0.5412541699869817, 0.20850525306460854, -0.8145977430094972], [-0.10571700773917198, 0.9779553887702958, 0.18007546154269796], [0.8341869321359449, -0.011349758570268554, 0.5513649836850517]], "fy": 1880.2846974518968, "fx": 1899.5360925138461}, {"id": 86, "img_name": "00000086", "width": 1892, "height": 1063, "position": [0.617101015040385, -0.02766605041076229, -0.20940101609007147], "rotation": [[0.5151421577888379, 0.20857563226636064, -0.8313391383144111], [-0.10481076052244277, 0.9779889828259937, 0.1804224319470441], [0.8506722410819382, -0.005809913567904302, 0.5256643255509796]], "fy": 1880.2846974518968, "fx": 1899.5360925138461}, {"id": 87, "img_name": "00000087", "width": 1892, "height": 1063, "position": [0.6253231921657167, -0.024178647178030564, -0.21222540008559304], "rotation": [[0.5025254212781731, 0.20954315236051008, -0.8387847568166784], [-0.10537313691489061, 0.9777958303709355, 0.18114032164575605], [0.8581169518112961, -0.0026422354233302052, 0.5134474808644576]], "fy": 1880.2846974518968, "fx": 1899.5360925138461}, {"id": 88, "img_name": "00000088", "width": 1892, "height": 1063, "position": [0.6325700484442578, -0.027068143262831055, -0.20683396464435977], "rotation": [[0.491180636704317, 0.2094237603723412, -0.8455076999757305], [-0.10562405378231311, 0.9778248596088706, 0.180837228450016], [0.8646300604243025, 0.0004822057656735552, 0.5024088236568568]], "fy": 1880.2846974518968, "fx": 1899.5360925138461}, {"id": 89, "img_name": "00000089", "width": 1892, "height": 1063, "position": [0.6536242305315997, -0.035271469302411575, -0.1959832065549826], "rotation": [[0.47304319582906945, 0.20979379542165005, -0.8556966157946397], [-0.10569578275532855, 0.9777344127271025, 0.1812838097484888], [0.874676246612173, 0.0046884508920059355, 0.48468493069278956]], "fy": 1880.2846974518968, "fx": 1899.5360925138461}, {"id": 90, "img_name": "00000090", "width": 1892, "height": 1063, "position": [0.665685743894906, -0.043853685505157364, -0.18410992618689842], "rotation": [[0.4595859227015127, 0.2088555275842672, -0.8632265914880612], [-0.10547754332101818, 0.9779127931264711, 0.18044682567046338], [0.881847644159444, 0.008120199325217965, 0.4714645213092463]], "fy": 1880.2846974518968, "fx": 1899.5360925138461}, {"id": 91, "img_name": "00000091", "width": 1892, "height": 1063, "position": [0.6890965889005922, -0.06554345013741576, -0.1608228872826529], "rotation": [[0.42034599765011116, 0.20982226386885214, -0.8827705590041404], [-0.10458114354759274, 0.977615411346614, 0.18256749960458007], [0.9013168292414219, 0.015579636791027227, 0.43288017769776554]], "fy": 1880.2846974518968, "fx": 1899.5360925138461}, {"id": 92, "img_name": "00000092", "width": 1892, "height": 1063, "position": [0.6925624640401742, -0.06718309151268977, -0.15821576854371222], "rotation": [[0.4141156258165196, 0.20949911794490117, -0.8857868637741816], [-0.10455819229686945, 0.9776592313367719, 0.18234585765956754], [0.9041990007062622, 0.017104004276799995, 0.4267688134804324]], "fy": 1880.2846974518968, "fx": 1899.5360925138461}, {"id": 93, "img_name": "00000093", "width": 1892, "height": 1063, "position": [0.7019260897443654, -0.07028422447632415, -0.15265254531862585], "rotation": [[0.3900294301137274, 0.20893583086854126, -0.8967847357222544], [-0.10352977566373915, 0.9776916024257963, 0.18275862796895276], [0.9149637310823729, 0.021562678992893197, 0.40295957821904743]], "fy": 1880.2846974518968, "fx": 1899.5360925138461}, {"id": 94, "img_name": "00000094", "width": 1892, "height": 1063, "position": [0.706836474348695, -0.05849024571731142, -0.14294211566235784], "rotation": [[0.3598988919940829, 0.20925416355085605, -0.9092224604452218], [-0.10392070678668243, 0.9774508244183517, 0.18382157801749247], [0.927185674092513, 0.02832985846269448, 0.37352930926112865]], "fy": 1880.2846974518968, "fx": 1899.5360925138461}, {"id": 95, "img_name": "00000095", "width": 1892, "height": 1063, "position": [0.7086071980006565, -0.051141391603707266, -0.13531173120389672], "rotation": [[0.34571025783323817, 0.20851364723683924, -0.9148805804829759], [-0.10379087038382871, 0.9775122177926898, 0.18356829598540242], [0.9325834401563449, 0.03149480881046891, 0.35957781378186937]], "fy": 1880.2846974518968, "fx": 1899.5360925138461}, {"id": 96, "img_name": "00000096", "width": 1892, "height": 1063, "position": [0.7089532659033024, -0.04862933603491064, -0.11831607335793193], "rotation": [[0.3234617452325406, 0.20768433507187273, -0.923168303364491], [-0.103418198213613, 0.9775310384922178, 0.18367837396540715], [0.940572791255078, 0.03605947517754797, 0.337672235459996]], "fy": 1880.2846974518968, "fx": 1899.5360925138461}, {"id": 97, "img_name": "00000097", "width": 1892, "height": 1063, "position": [0.7043281637185315, -0.041809214663621204, -0.10901404178103849], "rotation": [[0.29671944266568845, 0.20661305865210014, -0.9323457600796967], [-0.10232867828096733, 0.9775721565028425, 0.1840693359352725], [0.9494663837890386, 0.04078875855926177, 0.311207106650476]], "fy": 1880.2846974518968, "fx": 1899.5360925138461}, {"id": 98, "img_name": "00000098", "width": 1892, "height": 1063, "position": [0.6988059736531437, -0.03894351922203602, -0.102785125522628], "rotation": [[0.2793011055517566, 0.20659198976150753, -0.9377156510392409], [-0.10223486982646919, 0.9774270820973793, 0.18489004995988265], [0.9547454759406463, 0.04422724215892488, 0.29411736980648456]], "fy": 1880.2846974518968, "fx": 1899.5360925138461}, {"id": 99, "img_name": "00000099", "width": 1892, "height": 1063