[{"id": 0, "img_name": "00000000", "width": 1918, "height": 1075, "position": [0.3215620490263654, -0.13662748774179886, -0.08905258571314373], "rotation": [[0.26295451600368164, 0.8577443292347472, -0.44173474866587437], [0.32637854435965385, 0.3517724209413552, 0.87734440765684], [0.9079272924055887, -0.3748744183465866, -0.187449198916307]], "fy": 1838.7038998852383, "fx": 1840.1893216159958}, {"id": 1, "img_name": "00000001", "width": 1918, "height": 1075, "position": [0.3271915527747692, -0.13815645671267235, -0.08685261785182084], "rotation": [[0.24565386807942047, 0.8590637072191775, -0.4490698431607959], [0.3411578856212784, 0.3570075027108388, 0.8695728492119501], [0.9073397787907443, -0.36681765217477413, -0.20537608399457966]], "fy": 1838.7038998852383, "fx": 1840.1893216159958}, {"id": 2, "img_name": "00000002", "width": 1918, "height": 1075, "position": [0.3428743029785144, -0.128078336577726, -0.04423118251610378], "rotation": [[0.1750332361133606, 0.8642188336612305, -0.4716875807151451], [0.4073132362299152, 0.3726036270071527, 0.8338240010535962], [0.896358909057972, -0.3380715082439461, -0.28678975132676116]], "fy": 1838.7038998852383, "fx": 1840.1893216159958}, {"id": 3, "img_name": "00000003", "width": 1918, "height": 1075, "position": [0.3500182441963076, -0.1140121925324328, -0.021005583926447018], "rotation": [[0.14621932029166215, 0.8655600191428816, -0.478984095388165], [0.42989709702338297, 0.3804815802488826, 0.8187931686709293], [0.8909592562762407, -0.32563725271026267, -0.3164679814815394]], "fy": 1838.7038998852383, "fx": 1840.1893216159958}, {"id": 4, "img_name": "00000004", "width": 1918, "height": 1075, "position": [0.360202783102311, -0.10725311845476274, 0.003635010994460704], "rotation": [[0.09818582208062754, 0.866993716871564, -0.48855034463971203], [0.4695587012361969, 0.3924779397284938, 0.7908702124368148], [0.8774247377614374, -0.3070553072847087, -0.3685686745134014]], "fy": 1838.7038998852383, "fx": 1840.1893216159958}, {"id": 5, "img_name": "00000005", "width": 1918, "height": 1075, "position": [0.3588652613419386, -0.09973337931785388, 0.026943229792969522], "rotation": [[0.035277407021358724, 0.8661600359808327, -0.49852010653887546], [0.518718679136219, 0.41050524400709093, 0.7499442489664515], [0.8542168556455823, -0.28504777970080936, -0.43481182920731726]], "fy": 1838.7038998852383, "fx": 1840.1893216159958}, {"id": 6, "img_name": "00000006", "width": 1918, "height": 1075, "position": [0.36346334310439576, -0.07038562614414914, 0.06748524809181186], "rotation": [[-0.03939971994496502, 0.8614949883418113, -0.5062351697879164], [0.5708670669435465, 0.4352140947402974, 0.6962036222389651], [0.8200966125692327, -0.26156275881961055, -0.5089464306301238]], "fy": 1838.7038998852383, "fx": 1840.1893216159958}, {"id": 7, "img_name": "00000007", "width": 1918, "height": 1075, "position": [0.36008219672208425, -0.03248217662780509, 0.11703317777795942], "rotation": [[-0.1554369452413659, 0.8495094127859906, -0.5041558426141998], [0.6423871842707688, 0.47463634300351754, 0.6017134262960404], [0.7504519048804565, -0.23033475527642033, -0.6194899829481068]], "fy": 1838.7038998852383, "fx": 1840.1893216159958}, {"id": 8, "img_name": "00000008", "width": 1918, "height": 1075, "position": [0.35756348780371006, -0.02771414888263299, 0.12303952384011413], "rotation": [[-0.16607751753747266, 0.8480259404661428, -0.5032596372302311], [0.6484985901396499, 0.47838861495345686, 0.5921097125278383], [0.742878076642107, -0.22802705405154644, -0.6293932203838042]], "fy": 1838.7038998852383, "fx": 1840.1893216159958}, {"id": 9, "img_name": "00000009", "width": 1918, "height": 1075, "position": [0.3474647041992565, 0.049762617443157645, 0.15929932501989796], "rotation": [[-0.319847471885179, 0.8229248815932745, -0.46956600599208087], [0.7202460272534593, 0.5331789279682699, 0.44380839446343906], [0.6155836701491268, -0.1962520573785191, -0.7632443088686806]], "fy": 1838.7038998852383, "fx": 1840.1893216159958}, {"id": 10, "img_name": "00000010", "width": 1918, "height": 1075, "position": [0.3443567977078807, 0.05344315811807497, 0.15948705079110784], "rotation": [[-0.33143952317146336, 0.8210880261249464, -0.46471743655054787], [0.7247288145309122, 0.5369402847025566, 0.43181393684335423], [0.6040827657436454, -0.19367391155696922, -0.7730293837324242]], "fy": 1838.7038998852383, "fx": 1840.1893216159958}, {"id": 11, "img_name": "00000011", "width": 1918, "height": 1075, "position": [0.30682347019700323, 0.10220703562107648, 0.17708805305188535], "rotation": [[-0.42683093359866103, 0.8014203814318404, -0.41897580640048704], [0.7505358424857592, 0.5723860897155233, 0.33025764706417415], [0.5044911329919355, -0.17349218001344133, -0.8458068102153685]], "fy": 1838.7038998852383, "fx": 1840.1893216159958}, {"id": 12, "img_name": "00000012", "width": 1918, "height": 1075, "position": [0.2865892317621419, 0.1562795078644609, 0.16479145235557763], "rotation": [[-0.5492196195102821, 0.7688115903497623, -0.32754625335797954], [0.7600674890393988, 0.6224752719461643, 0.1866063983921551], [0.34735460505126975, -0.14646936321093876, -0.9262243270343626]], "fy": 1838.7038998852383, "fx": 1840.1893216159958}, {"id": 13, "img_name": "00000013", "width": 1918, "height": 1075, "position": [0.2828899109266771, 0.15852800785697305, 0.16904738355695745], "rotation": [[-0.5617121910667131, 0.7650893124545521, -0.31482972917888913], [0.7590500286620442, 0.62796233177551, 0.17177416528457928], [0.32912378886246096, -0.14248387220624265, -0.9334751618366355]], "fy": 1838.7038998852383, "fx": 1840.1893216159958}, {"id": 14, "img_name": "00000014", "width": 1918, "height": 1075, "position": [0.2595386964953331, 0.16671622647818657, 0.19099178484467272], "rotation": [[-0.6229015296370252, 0.7418552044818858, -0.24828318501057187], [0.747475916183029, 0.6580411216984312, 0.0908935469668339], [0.23081039643438025, -0.128967971748842, -0.9644137199152623]], "fy": 1838.7038998852383, "fx": 1840.1893216159958}, {"id": 15, "img_name": "00000015", "width": 1918, "height": 1075, "position": [0.2188290625029334, 0.22630967604338342, 0.19413884461061595], "rotation": [[-0.7000360167105321, 0.7018194054767444, -0.13190563825826407], [0.7104321069956187, 0.7031656397891163, -0.029056916039532806], [0.07235880497781137, -0.11405088827462738, -0.9908363125289419]], "fy": 1838.7038998852383, "fx": 1840.1893216159958}, {"id": 16, "img_name": "00000016", "width": 1918, "height": 1075, "position": [0.19993589452226387, 0.25518159703321003, 0.19485899155033334], "rotation": [[-0.7348950219110264, 0.6757666343457996, -0.05717309398084439], [0.6777332367548449, 0.728732979151286, -0.09811169601577942], [-0.024636691502584254, -0.1108499030321708, -0.9935317470667784]], "fy": 1838.7038998852383, "fx": 1840.1893216159958}, {"id": 17, "img_name": "00000017", "width": 1918, "height": 1075, "position": [0.1717585980620877, 0.2656599365757059, 0.19335288191496577], "rotation": [[-0.7605147746235209, 0.6488734222787669, 0.024094801090190028], [0.6367438301304591, 0.7525387043656087, -0.1680559229022409], [-0.1271792922221523, -0.11246679639774644, -0.9854829513177282]], "fy": 1838.7038998852383, "fx": 1840.1893216159958}, {"id": 18, "img_name": "00000018", "width": 1918, "height": 1075, "position": [0.15990688440007048, 0.2844976328633474, 0.19376847853305182], "rotation": [[-0.7703845667983337, 0.6335066400328019, 0.07195106860424923], [0.6097206031812711, 0.7650106713511936, -0.20736310851996584], [-0.18640924144261334, -0.1158792895781899, -0.975614465325132]], "fy": 1838.7038998852383, "fx": 1840.1893216159958}, {"id": 19, "img_name": "00000019", "width": 1918, "height": 1075, "position": [0.13156051827810097, 0.31269628497137353, 0.18320504796484224], "rotation": [[-0.7813357621775718, 0.6082911721765661, 0.13962906787074147], [0.5643495774544353, 0.7841441725373821, -0.258122976704254], [-0.26650324795280367, -0.12288110728555224, -0.9559687506937049]], "fy": 1838.7038998852383, "fx": 1840.1893216159958}, {"id": 20, "img_name": "00000020", "width": 1918, "height": 1075, "position": [0.08893289023960478, 0.3196483202999814, 0.15252486836164755], "rotation": [[-0.7823329750081509, 0.5582922932238548, 0.2761608798178066], [0.46267432555970484, 0.8177262985317265, -0.3424268814761389], [-0.41699830297348667, -0.14011929209231286, -0.8980417581052571]], "fy": 1838.7038998852383, "fx": 1840.1893216159958}, {"id": 21, "img_name": "00000021", "width": 1918, "height": 1075, "position": [0.08608582369583333, 0.32091023217593884, 0.14416791277812172], "rotation": [[-0.7783240868160364, 0.5489681688665086, 0.3047057030206921], [0.44053697484409565, 0.8232794135211947, -0.3579639382220091], [-0.4473687401654191, -0.1443778267032384, -0.88261897412148]], "fy": 1838.7038998852383, "fx": 1840.1893216159958}, {"id": 22, "img_name": "00000022", "width": 1918, "height": 1075, "position": [0.04143284868730299, 0.31915588634139286, 0.09928373425792501], "rotation": [[-0.7538551743052776, 0.4968041104895792, 0.4299861067218541], [0.32651361562419473, 0.851164044988954, -0.41098494781446376], [-0.5701677253099962, -0.1694268110975945, -0.8038677258704474]], "fy": 1838.7038998852383, "fx": 1840.1893216159958}, {"id": 23, "img_name": "00000023", "width": 1918, "height": 1075, "position": [0.03246291207470235, 0.3210709454655202, 0.09554709132459942], "rotation": [[-0.7426736292290373, 0.4832646193982056, 0.4635635750203825], [0.29466092067702343, 0.8574600330463433, -0.4218260702634831], [-0.6013408536541809, -0.17668502869816563, -0.7792121523438845]], "fy": 1838.7038998852383, "fx": 1840.1893216159958}, {"id": 24, "img_name": "00000024", "width": 1918, "height": 1075, "position": [0.02168136423411366, 0.32192765759415704, 0.08020453296958173], "rotation": [[-0.7270245860468815, 0.4698010875153911, 0.5007216686470787], [0.25778896833458864, 0.8626828389227338, -0.4351128212696115], [-0.6363804672429437, -0.18725719638392616, -0.7483011715306097]], "fy": 1838.7038998852383, "fx": 1840.1893216159958}, {"id": 25, "img_name": "00000025", "width": 1918, "height": 1075, "position": [-0.00493848023990167, 0.34295826356815035, 0.07239900208320706], "rotation": [[-0.6786344680531753, 0.4394192687768086, 0.5885286441608754], [0.16668737523835864, 0.8725252619039838, -0.45925481627907927], [-0.7153115249360449, -0.2135658529986455, -0.6653713615167325]], "fy": 1838.7038998852383, "fx": 1840.1893216159958}, {"id": 26, "img_name": "00000026", "width": 1918, "height": 1075, "position": [-0.01569893201876262, 0.34371421369191263, 0.0662201725750291], "rotation": [[-0.6599337029772112, 0.43237076134552377, 0.6144453046515026], [0.13855153149618207, 0.8738255946823574, -0.46608186319367384], [-0.7384382037752706, -0.22245079188781533, -0.6365725916135845]], "fy": 1838.7038998852383, "fx": 1840.1893216159958}, {"id": 27, "img_name": "00000027", "width": 1918, "height": 1075, "position": [-0.030757715921191288, 0.34026305085537856, 0.05369403603113951], "rotation": [[-0.6370287860397701, 0.4256127819107158, 0.642688171379338], [0.10625030621948278, 0.8742736179320882, -0.47366286894393905], [-0.7634822841330126, -0.23345106738277827, -0.6021589499068154]], "fy": 1838.7038998852383, "fx": 1840.1893216159958}, {"id": 28, "img_name": "00000028", "width": 1918, "height": 1075, "position": [-0.07373661230864184, 0.3468311629443483, 0.013508458855632958], "rotation": [[-0.5488452675226285, 0.40376640067256137, 0.7319436904611843], [-0.004579490687890276, 0.8741449052547282, -0.48564360685819974], [-0.8359114191007637, -0.2698951246412702, -0.477921249906111]], "fy": 1838.7038998852383, "fx": 1840.1893216159958}, {"id": 29, "img_name": "00000029", "width": 1918, "height": 1075, "position": [-0.08417625817804572, 0.34645303772135644, -0.0033198619830922013], "rotation": [[-0.5108967406033498, 0.3939201935110971, 0.7640755208649554], [-0.05164161620525185, 0.8731606551093338, -0.4846891930348231], [-0.858089543064465, -0.28708422372749504, -0.4257522572696456]], "fy": 1838.7038998852383, "fx": 1840.1893216159958}, {"id": 30, "img_name": "00000030", "width": 1918, "height": 1075, "position": [-0.09051714618917729, 0.34076952205680094, -0.02983137058896824], "rotation": [[-0.45317386625880485, 0.38261044598277544, 0.8051352020405692], [-0.1146734122460028, 0.8706768002258509, -0.4783010747137539], [-0.884015528972147, -0.30908114820114035, -0.35069272641838417]], "fy": 1838.7038998852383, "fx": 1840.1893216159958}, {"id": 31, "img_name": "00000031", "width": 1918, "height": 1075, "position": [-0.0947531474938221, 0.3425616771107683, -0.034474625809082116], "rotation": [[-0.43346188824308424, 0.378528582870503, 0.81781838044323], [-0.13591462469969873, 0.86966470227675, -0.4745635051356475], [-0.890863629425671, -0.3168586712778117, -0.32551893370828644]], "fy": 1838.7038998852383, "fx": 1840.1893216159958}, {"id": 32, "img_name": "00000032", "width": 1918, "height": 1075, "position": [-0.14075056965980842, 0.33081930046153596, -0.0869920759645436], "rotation": [[-0.31713145124916825, 0.3566801788219072, 0.8787530328051042], [-0.24559143146435103, 0.8640883215902911, -0.4393588752746032], [-0.9160308354088783, -0.3551487329652827, -0.18643198774155417]], "fy": 1838.7038998852383, "fx": 1840.1893216159958}, {"id": 33, "img_name": "00000033", "width": 1918, "height": 1075, "position": [-0.17347615720740114, 0.31613778949731797, -0.1639886032852797], "rotation": [[-0.2228100669370502, 0.3457977826565447, 0.9114711007932859], [-0.322318803902826, 0.8562609646275907, -0.40364309619474403], [-0.9200360116441958, -0.38372002028151325, -0.07932643514614983]], "fy": 1838.7038998852383, "fx": 1840.1893216159958}, {"id": 34, "img_name": "00000034", "width": 1918, "height": 1075, "position": [-0.1741368495702313, 0.31474390970121546, -0.16820023275227006], "rotation": [[-0.21147338864497406, 0.34423040253223486, 0.9147592228928371], [-0.33113328011340976, 0.8553421872372641, -0.39842250630895243], [-0.9195812942292517, -0.3871629795120766, -0.06689596848080973]], "fy": 1838.7038998852383, "fx": 1840.1893216159958}, {"id": 35, "img_name": "00000035", "width": 1918, "height": 1075, "position": [-0.16609496065407522, 0.28663091707653354, -0.20817870730979157], "rotation": [[-0.08355584361619743, 0.3333470124807622, 0.939094345775618], [-0.42754751225137827, 0.8392512672748544, -0.3359470719402216], [-0.9001230725657701, -0.42957779231205784, 0.07239733825946586]], "fy": 1838.7038998852383, "fx": 1840.1893216159958}, {"id": 36, "img_name": "00000036", "width": 1918, "height": 1075, "position": [-0.15951026187672399, 0.24995833185786587, -0.2577946177081533], "rotation": [[0.027907007945851416, 0.3256197910921508, 0.9450888585506731], [-0.5037145289347787, 0.8212248143093619, -0.2680699119680683], [-0.8634192911022568, -0.4685739600230235, 0.1869373471000855]], "fy": 1838.7038998852383, "fx": 1840.1893216159958}, {"id": 37, "img_name": "00000037", "width": 1918, "height": 1075, "position": [-0.15130119728075273, 0.23132849541443623, -0.2789252761815362], "rotation": [[0.10839951327951614, 0.32216610999105316, 0.94045656098195], [-0.552166279350543, 0.8061913082728415, -0.2125275850648623], [-0.8266570906179549, -0.49625051338870846, 0.2652800077135501]], "fy": 1838.7038998852383, "fx": 1840.1893216159958}, {"id": 38, "img_name": "00000038", "width": 1918, "height": 1075, "position": [-0.13733895995825013, 0.216502412204628, -0.29374960798882266], "rotation": [[0.187081639796078, 0.32125135752884304, 0.928330773666954], [-0.5962092584853015, 0.7881917600967505, -0.15260494556859297], [-0.7807272123780603, -0.5249298187390975, 0.338989240612325]], "fy": 1838.7038998852383, "fx": 1840.1893216159958}, {"id": 39, "img_name": "00000039", "width": 1918, "height": 1075, "position": [-0.13371891080769985, 0.21364836087934239, -0.2948797078167637], "rotation": [[0.20573734092151058, 0.32131941376942896, 0.9243516543423372], [-0.605618222534622, 0.7837592232313856, -0.13765191075222946], [-0.7686993658671447, -0.5314840678088154, 0.3558454307432424]], "fy": 1838.7038998852383, "fx": 1840.1893216159958}, {"id": 40, "img_name": "00000040", "width": 1918, "height": 1075, "position": [-0.10904503737617267, 0.19661453797178838, -0.30957784549636275], "rotation": [[0.3165139623373589, 0.32412800828977456, 0.891493099181148], [-0.6563474760346967, 0.7533507173382485, -0.04087404297141805], [-0.6848553879092925, -0.5721920402522654, 0.45118662072756766]], "fy": 1838.7038998852383, "fx": 1840.1893216159958}, {"id": 41, "img_name": "00000041", "width": 1918, "height": 1075, "position": [-0.10561736535898357, 0.18353738625471658, -0.31815168782046505], "rotation": [[0.35094254809031356, 0.32502472067021765, 0.8781789446878835], [-0.6690280783828698, 0.7431971821575738, -0.007705762023721871], [-0.6551646802714586, -0.5848220920812489, 0.47827017713684467]], "fy": 1838.7038998852383, "fx": 1840.1893216159958}, {"id": 42, "img_name": "00000042", "width": 1918, "height": 1075, "position": [-0.08921155322091702, 0.13092032235607326, -0.34739170180032325], "rotation": [[0.4723348657216073, 0.3268441787040075, 0.8185796585983883], [-0.7081129407498068, 0.6937270954069281, 0.1316008367789784], [-0.5248579215048695, -0.6418065128569278, 0.5591140870055221]], "fy": 1838.7038998852383, "fx": 1840.1893216159958}, {"id": 43, "img_name": "00000043", "width": 1918, "height": 1075, "position": [-0.08581729505679866, 0.12605283653772426, -0.3491491674505434], "rotation": [[0.48536200021634646, 0.32702587462587507, 0.8108500515330616], [-0.7104632432419543, 0.6880438987898964, 0.1477754152087625], [-0.5095740463839485, -0.647803728503611, 0.5662902264640536]], "fy": 1838.7038998852383, "fx": 1840.1893216159958}, {"id": 44, "img_name": "00000044", "width": 1918, "height": 1075, "position": [-0.07139128537691293, 0.08626986871270971, -0.36602631076623726], "rotation": [[0.5841471799293868, 0.3284803434930272, 0.7422080140494625], [-0.7163873960312617, 0.6385088471061366, 0.2812393126409261], [-0.3815247973436231, -0.6959936178629049, 0.608302320319438]], "fy": 1838.7038998852383, "fx": 1840.1893216159958}, {"id": 45, "img_name": "00000045", "width": 1918, "height": 1075, "position": [-0.014025949297637279, -0.0075008114833389865, -0.3924766453558946], "rotation": [[0.7267268618730953, 0.37338717504373414, 0.5765848469609162], [-0.6764466901202238, 0.5350533451719909, 0.506100576215495], [-0.11953218670080863, -0.7578257948454395, 0.6414141571632176]], "fy": 1838.7038998852383, "fx": 1840.1893216159958}, {"id": 46, "img_name": "00000046", "width": 1918, "height": 1075, "position": [0.003968054204329741, -0.022026876298186587, -0.3798065993493633], "rotation": [[0.7673459257987804, 0.4063602039736157, 0.49603590070329995], [-0.6412256552216322, 0.49006766917823297, 0.590477212694785], [-0.0031447170939666747, -0.771171228880289, 0.6366200173585994]], "fy": 1838.7038998852383, "fx": 1840.1893216159958}, {"id": 47, "img_name": "00000047", "width": 1918, "height": 1075, "position": [0.03269630255319001, -0.015549564855251679, -0.37300130350235405], "rotation": [[0.7979156122939549, 0.44232613021173456, 0.4094853723754667], [-0.592292896616716, 0.4492467258018223, 0.6688546209556471], [0.11189191335812952, -0.7762248217419059, 0.6204476012015865]], "fy": 1838.7038998852383, "fx": 1840.1893216159958}, {"id": 48, "img_name": "00000048", "width": 1918, "height": 1075, "position": [0.08640701373290038, -0.0617078333578824, -0.3386885412383706], "rotation": [[0.8161078035536569, 0.5191661376226494, 0.25383966302531674], [-0.4852056273158841, 0.37696721449745363, 0.788968452103777], [0.3139164732852123, -0.7670477434553932, 0.5595482169216194]], "fy": 1838.7038998852383, "fx": 1840.1893216159958}, {"id": 49, "img_name": "00000049", "width": 1918, "height": 1075, "position": [0.09623557253840634, -0.07260873488338915, -0.334626567750687], "rotation": [[0.815353947190004, 0.5342204251368412, 0.2231736502553401], [-0.45863009700678836, 0.36071539851954676, 0.8121224263560443], [0.35335021568017205, -0.7645213787968895, 0.5391202893986449]], "fy": 1838.7038998852383, "fx": 1840.1893216159958}, {"id": 50, "img_name": "00000050", "width": 1918, "height": 1075, "position": [0.11369470679506416, -0.08913471648271895, -0.32039532044516533], "rotation": [[0.8114355087297752, 0.5545225656617317, 0.18459994405302874], [-0.42206840362225967, 0.33751611864723036, 0.8413923771446149], [0.40426560308318127, -0.7606494552849156, 0.5079190175003813]], "fy": 1838.7038998852383, "fx": 1840.1893216159958}, {"id": 51, "img_name": "00000051", "width": 1918, "height": 1075, "position": [0.14551562961825468, -0.12236976367991306, -0.2910450723963061], "rotation": [[0.7871273627673935, 0.6120689577821993, 0.07617155441672874], [-0.30218073394189654, 0.2750208659520099, 0.9127159072380316], [0.5376963072378171, -0.7414412412392628, 0.4014318958084871]], "fy": 1838.7038998852383, "fx": 1840.1893216159958}, {"id": 52, "img_name": "00000052", "width": 1918, "height": 1075, "position": [0.16339916046795183, -0.12910055927534542, -0.2790733001688152], "rotation": [[0.764909008548958, 0.6441096019675425, 0.006085169994658083], [-0.22746698505792856, 0.26126477810782744, 0.9380828782303425], [0.6026383487211099, -0.7189322195961739, 0.3463574515976411]], "fy": 1838.7038998852383, "fx": 1840.1893216159958}, {"id": 53, "img_name": "00000053", "width": 1918, "height": 1075, "position": [0.17981064995731977, -0.12408722722703565, -0.2796465191913909], "rotation": [[0.7558288047644973, 0.6546074934918816, -0.014554976899589856], [-0.20634656150245168, 0.25923245385785054, 0.9435145104464224], [0.6214047911340774, -0.7101320752727011, 0.33101136117133517]], "fy": 1838.7038998852383, "fx": 1840.1893216159958}, {"id": 54, "img_name": "00000054", "width": 1918, "height": 1075, "position": [0.22337886533669463, -0.1218346231265556, -0.24530143359868267], "rotation": [[0.6834116345009701, 0.7125594060204886, -0.15876911135494987], [-0.056946004732140586, 0.26885266719205375, 0.9614964357129804], [0.7278088281779489, -0.648056584130928, 0.22431445203284095]], "fy": 1838.7038998852383, "fx": 1840.1893216159958}, {"id": 55, "img_name": "00000055", "width": 1918, "height": 1075, "position": [0.23401045602058723, -0.12127654260923594, -0.23721951951260564], "rotation": [[0.6639100857459824, 0.7241794093379375, -0.18651429204143583], [-0.02726015963031457, 0.2726842486521186, 0.9617173099377796], [0.7473153830490121, -0.633409412329802, 0.20077906920374602]], "fy": 1838.7038998852383, "fx": 1840.1893216159958}, {"id": 56, "img_name": "00000056", "width": 1918, "height": 1075, "position": [0.30393174882703, -0.1249779142665089, -0.16300279186733085], "rotation": [[0.5428923451094797, 0.7827265122351246, -0.30431416113248316], [0.1324583724900398, 0.2780198434310904, 0.9513988365642675], [0.8292904685204209, -0.5568161040260863, 0.04725616487180526]], "fy": 1838.7038998852383, "fx": 1840.1893216159958}, {"id": 57, "img_name": "00000057", "width": 1918, "height": 1075, "position": [0.30802851046412044, -0.11652989468806717, -0.14764437711165668], "rotation": [[0.5255578038040046, 0.7911899143295775, -0.31274192927055183], [0.1530129008055769, 0.27370370110611714, 0.949564814105849], [0.8368847274552059, -0.5469047480722478, 0.022784852166674127]], "fy": 1838.7038998852383, "fx": 1840.1893216159958}, {"id": 58, "img_name": "00000058", "width": 1918, "height": 1075, "position": [0.3067352957478918, -0.10905629107533628, -0.11859360903057607], "rotation": [[0.45489967613641796, 0.8365022481407712, -0.3055000384720393], [0.22511662584588596, 0.2238936272109178, 0.948258481882499], [0.8616198636398451, -0.500135614158574, -0.08646142510669402]], "fy": 1838.7038998852383, "fx": 1840.1893216159958}, {"id": 59, "img_name": "00000059", "width": 1918, "height": 1075, "position": [0.29945711458922925, -0.10561696139122546, -0.11324416777190126], "rotation": [[0.4361395414638757, 0.8543392221401293, -0.2826425195979521], [0.24659938432985407, 0.18859632228817658, 0.9505893807883143], [0.8654311318757933, -0.48428908797573855, -0.12842521266406365]], "fy": 1838.7038998852383, "fx": 1840.1893216159958}, {"id": 60, "img_name": "00000060", "width": 1918, "height": 1075, "position": [0.2535881116339484, -0.1114930275120448, -0.052125448912290546], "rotation": [[0.3944386458882662, 0.9060198152088335, -0.15344787088383588], [0.27450145657090547, 0.04318949526151045, 0.9606162698182386], [0.8769647113597457, -0.4210258447506605, -0.23166815292937953]], "fy": 1838.7038998852383, "fx": 1840.1893216159958}, {"id": 61, "img_name": "00000061", "width": 1918, "height": 1075, "position": [0.2045512832576494, -0.12187839183255689, -0.02309602068759453], "rotation": [[0.3732684323967327, 0.9274372160671983, -0.023040998884833207], [0.2780670869201728, -0.0881512607863744, 0.9565082594486582], [0.8850702641868694, -0.36344128201856446, -0.29079384790068635]], "fy": 1838.7038998852383, "fx": 1840.1893216159958}, {"id": 62, "img_name": "00000062", "width": 1918, "height": 1075, "position": [0.16810482392406076, -0.11662234742872356, -0.026664430080601206], "rotation": [[0.365218941381739, 0.9293090753723695, 0.05477013133591175], [0.274054625459862, -0.1635578702111778, 0.9477040072491187], [0.8896680207358565, -0.33110944644110424, -0.31441588280080357]], "fy": 1838.7038998852383, "fx": 1840.1893216159958}, {"id": 63, "img_name": "00000063", "width": 1918, "height": 1075, "position": [0.12963782248020422, -0.09965335010667543, 0.00987498263729362], "rotation": [[0.3664593377013358, 0.9199658124024607, 0.13917779212998987], [0.2552505667154724, -0.24324633655422742, 0.9357768793598061], [0.8947372251130096, -0.3073989651310292, -0.3239616863665264]], "fy": 1838.7038998852383, "fx": 1840.1893216159958}, {"id": 64, "img_name": "00000064", "width": 1918, "height": 1075, "position": [0.12639547035897394, -0.09736145056383416, 0.011350879597064703], "rotation": [[0.36739985919312323, 0.9184243053159883, 0.1466769882078219], [0.25124805961558194, -0.24985080652985003, 0.9351197714815935], [0.8954840903133221, -0.3067105636935703, -0.3225474757527859]], "fy": 1838.7038998852383, "fx": 1840.1893216159958}, {"id": 65, "img_name": "00000065", "width": 1918, "height": 1075, "position": [0.0976268217767219, -0.1278306531070127, -0.02852962805242035], "rotation": [[0.3790570159889237, 0.9050693785008744, 0.19278277601905588], [0.2172514086862018, -0.28954626696352015, 0.9321828064877354], [0.8995096464482378, -0.3114681033228447, -0.30638214138398423]], "fy": 1838.7038998852383, "fx": 1840.1893216159958}, {"id": 66, "img_name": "00000066", "width": 1918, "height": 1075, "position": [0.08933564645992627, -0.17733330408173598, -0.09116167003556862], "rotation": [[0.3766687741806075, 0.9082119274353245, 0.18240539855358312], [0.18772105040824486, -0.2676587709408735, 0.9450500460674272], [0.9071281286515726, -0.3217295093749311, -0.2713091981604426]], "fy": 1838.7038998852383, "fx": 1840.1893216159958}, {"id": 67, "img_name": "00000067", "width": 1918, "height": 1075, "position": [0.08907258513098218, -0.18163157140395314, -0.08929438328224086], "rotation": [[0.3709918901817805, 0.911844724102499, 0.17579595144879526], [0.19270853866755766, -0.26077994315814146, 0.9459689426038524], [0.9084208477043909, -0.31706942516249315, -0.27246750830725097]], "fy": 1838.7038998852383, "fx": 1840.1893216159958}, {"id": 68, "img_name": "00000068", "width": 1918, "height": 1075, "position": [0.11732889511400334, -0.18344266094408776, -0.06690268117128578], "rotation": [[0.33845506399361674, 0.9306173385509406, 0.139282227313612], [0.2327348049978334, -0.22620764107897826, 0.9458671226235238], [0.9117470483635781, -0.28771769550350523, -0.2931481664524865]], "fy": 1838.7038998852383, "fx": 1840.1893216159958}, {"id": 69, "img_name": "00000069", "width": 1918, "height": 1075, "position": [0.14517873342880763, -0.14371825949930345, -0.004237114600579092], "rotation": [[0.2307986365660676, 0.9698355298583566, 0.07842853041849566], [0.3393766074203662, -0.1557818496630936, 0.9276613248655934], [0.9118966540650794, -0.18748616039565683, -0.3650937303830443]], "fy": 1838.7038998852383, "fx": 1840.1893216159958}, {"id": 70, "img_name": "00000070", "width": 1918, "height": 1075, "position": [0.160236288758977, -0.13556355525600278, 0.015139242023195353], "rotation": [[0.18516786061931811, 0.9809973369391084, 0.05794038584650477], [0.3808285698270173, -0.12598597494454958, 0.9160224530658511], [0.9059152630335648, -0.14755256363631328, -0.3969203662791545]], "fy": 1838.7038998852383, "fx": 1840.1893216159958}, {"id": 71, "img_name": "00000071", "width": 1918, "height": 1075, "position": [0.18633689363822736, -0.14299854150694244, 0.06201735410796877], "rotation": [[0.0743893068020619, 0.997174120946313, 0.010488257646356774], [0.48976240082922173, -0.04569389336121525, 0.8706577162372653], [0.8686765921604571, -0.05963086972736125, -0.4917775285716632]], "fy": 1838.7038998852383, "fx": 1840.1893216159958}, {"id": 72, "img_name": "00000072", "width": 1918, "height": 1075, "position": [0.19527924154359838, -0.1552230336460434, 0.08323482583567321], "rotation": [[0.02418338803024963, 0.9996902547263626, -0.005878634919590125], [0.533146162102176, -0.007922491309256551, 0.8459860542391785], [0.8456774406232545, -0.02359298066362497, -0.5331726152798051]], "fy": 1838.7038998852383, "fx": 1840.1893216159958}, {"id": 73, "img_name": "00000073", "width": 1918, "height": 1075, "position": [0.2016547684914198, -0.12465277123676612, 0.10855814998506363], "rotation": [[-0.05184088821922079, 0.9984272445168592, -0.021343844899971525], [0.5843855145683677, 0.04766014462848424, 0.8100753551223833], [0.8098185554007182, 0.029521992149307997, -0.5859371632762591]], "fy": 1838.7038998852383, "fx": 1840.1893216159958}, {"id": 74, "img_name": "00000074", "width": 1918, "height": 1075, "position": [0.19348820617127088, -0.09805618803818572, 0.10960806471751162], "rotation": [[-0.12598376438938944, 0.991715188328425, -0.025081394478682403], [0.6321099456327299, 0.09973525960925733, 0.7684334028547046], [0.7645685762195996, 0.08095593387387107, -0.6394380572253603]], "fy": 1838.7038998852383, "fx": 1840.1893216159958}, {"id": 75, "img_name": "00000075", "width": 1918, "height": 1075, "position": [0.1863167905193457, -0.04133814326708439, 0.17288808246934984], "rotation": [[-0.27717948616475047, 0.9608017513619516, -0.00561489352089798], [0.7094716252667655, 0.20860771101759776, 0.6731514211864463], [0.6479363744927265, 0.1826001574035596, -0.7394833582477811]], "fy": 1838.7038998852383, "fx": 1840.1893216159958}, {"id": 76, "img_name": "00000076", "width": 1918, "height": 1075, "position": [0.1813498687197761, -0.019559047092168488, 0.18436481452657535], "rotation": [[-0.3139743350728571, 0.9494267727650914, 0.002986649028692354], [0.7234210823105797, 0.23719487090701627, 0.6483830124887552], [0.6148837732321016, 0.2057362300915115, -0.7613084454040857]], "fy": 1838.7038998852383, "fx": 1840.1893216159958}, {"id": 77, "img_name": "00000077", "width": 1918, "height": 1075, "position": [0.16681672085830196, 0.009950352298041174, 0.2032121975485122], "rotation": [[-0.3895557965047871, 0.9207017384105165, 0.023549740919442428], [0.7436446305779173, 0.2993506965762866, 0.5978142051439765], [0.5433589465741343, 0.25039462723298267, -0.8012887031717731]], "fy": 1838.7038998852383, "fx": 1840.1893216159958}, {"id": 78, "img_name": "00000078", "width": 1918, "height": 1075, "position": [0.15142420574162985, 0.033572113009680694, 0.2322882522860948], "rotation": [[-0.5303432052911238, 0.8437218020747717, 0.08288308214126758], [0.7565600963948479, 0.4268940458037505, 0.4953567342838123], [0.3825609822558418, 0.3254151108369204, -0.8647266044793807]], "fy": 1838.7038998852383, "fx": 1840.1893216159958}, {"id": 79, "img_name": "00000079", "width": 1918, "height": 1075, "position": [0.13924175869108968, 0.05618912769082808, 0.2355477959935533], "rotation": [[-0.5921381175127711, 0.797671635406678, 0.1144220776601555], [0.7461105736525832, 0.48905003983662954, 0.4518285852174518], [0.3044527248560014, 0.35291644989065984, -0.884736411438078]], "fy": 1838.7038998852383, "fx": 1840.1893216159958}, {"id": 80, "img_name": "00000080", "width": 1918, "height": 1075, "position": [0.11484624526853825, 0.1104643740828297, 0.21860097173156812], "rotation": [[-0.7147396888188289, 0.6613875657281076, 0.22740638761347817], [0.6946110896379976, 0.6333359843757901, 0.34117585648263987], [0.0816248208517307, 0.4018109241857383, -0.9120775020939423]], "fy": 1838.7038998852383, "fx": 1840.1893216159958}, {"id": 81, "img_name": "00000081", "width": 1918, "height": 1075, "position": [0.07605106514321525, 0.11897766612672127, 0.2255867157796436], "rotation": [[-0.7440322986231837, 0.6122641149802194, 0.2674856858095218], [0.668106795272914, 0.6775633550801515, 0.30747554368223357], [0.007017742917649672, 0.40748073986388256, -0.9131868362631629]], "fy": 1838.7038998852383, "fx": 1840.1893216159958}, {"id": 82, "img_name": "00000082", "width": 1918, "height": 1075, "position": [0.050805357388159195, 0.145785048562991, 0.21560651246094628], "rotation": [[-0.7864925294071246, 0.49906771219918594, 0.36381440299561213], [0.5933708391991247, 0.7739932398476013, 0.2210102075885637], [-0.17129082980390298, 0.3896997348093581, -0.9048721281565734]], "fy": 1838.7038998852383, "fx": 1840.1893216159958}, {"id": 83, "img_name": "00000083", "width": 1918, "height": 1075, "position": [0.04749835630242393, 0.14816068036271857, 0.21450729754640785], "rotation": [[-0.789019799559053, 0.48838907621552724, 0.3727249201987105], [0.5849887828308027, 0.782597480680372, 0.21290680401262613], [-0.1877122262025768, 0.38602758122455266, -0.9031870385850286]], "fy": 1838.7038998852383, "fx": 1840.1893216159958}, {"id": 84, "img_name": "00000084", "width": 1918, "height": 1075, "position": [0.009712985261225824, 0.16788399508934623, 0.22780259125218136], "rotation": [[-0.7966862803370116, 0.38278021696762415, 0.46772884903648415], [0.48499169434669487, 0.8666818334902401, 0.11681462199877915], [-0.3606577701055362, 0.3199092136782155, -0.8761187521485242]], "fy": 1838.7038998852383, "fx": 1840.1893216159958}, {"id": 85, "img_name": "00000085", "width": 1918, "height": 1075, "position": [-0.00528827442563079, 0.18239209031625322, 0.21373435830561865], "rotation": [[-0.7943198061766088, 0.338987267476027, 0.5041266487745819], [0.4362202578252349, 0.8958208869877945, 0.08495189873855971], [-0.4228095696391458, 0.28738923244536746, -0.859441386538967]], "fy": 1838.7038998852383, "fx": 1840.1893216159958}, {"id": 86, "img_name": "00000086", "width": 1918, "height": 1075, "position": [-0.06538841679654675, 0.20828438959146056, 0.18610387306299864], "rotation": [[-0.7496566680775757, 0.19674210344098586, 0.6319077660073847], [0.2486935446824036, 0.9685602582719507, -0.006522800738466522], [-0.6133240585857763, 0.15226152117258263, -0.7750161471415176]], "fy": 1838.7038998852383, "fx": 1840.1893216159958}, {"id": 87, "img_name": "00000087", "width": 1918, "height": 1075, "position": [-0.07222799609361934, 0.21158147367378083, 0.183577033039733], "rotation": [[-0.7381736962009611, 0.17842860564245458, 0.650586525318117], [0.22186570444075945, 0.9749515800777723, -0.015653296677086682], [-0.6370833567360059, 0.13278798587351467, -0.7592707997662221]], "fy": 1838.7038998852383, "fx": 1840.1893216159958}, {"id": 88, "img_name": "00000088", "width": 1918, "height": 1075, "position": [-0.13020143381029337, 0.2148363050887536, 0.16102547020298907], "rotation": [[-0.6872209410941674, 0.11656420945625542, 0.7170356777702799], [0.11977764953975818, 0.9917149304278651, -0.04641994654440752], [-0.7165058916662009, 0.05398408876968291, -0.6954890548149045]], "fy": 1838.7038998852383, "fx": 1840.1893216159958}, {"id": 89, "img_name": "00000089", "width": 1918, "height": 1075, "position": [-0.15087460488139037, 0.2309764362834041, 0.13992594728874322], "rotation": [[-0.6509879020214402, 0.08377794441737224, 0.7544507985620553], [0.06165335026595379, 0.9964427669414614, -0.05745151530663124], [-0.7565802110964224, 0.009114177924758417, -0.6538373772873866]], "fy": 1838.7038998852383, "fx": 1840.1893216159958}, {"id": 90, "img_name": "00000090", "width": 1918, "height": 1075, "position": [-0.20197360735073017, 0.21397454735206886, 0.04776631956979396], "rotation": [[-0.5677874303040704, 0.0365561971295383, 0.8223631062007378], [-0.03217765167947289, 0.997264268608508, -0.06654755659776183], [-0.8225460672333765, -0.06424657973903462, -0.5650578238293325]], "fy": 1838.7038998852383, "fx": 1840.1893216159958}, {"id": 91, "img_name": "00000091", "width": 1918, "height": 1075, "position": [-0.20245780604981645, 0.21107722522540415, 0.041216052896902194], "rotation": [[-0.5673480395218424, 0.039331948971064484, 0.8225382664902947], [-0.02854658398539483, 0.997318943151915, -0.06737965696789915], [-0.8229831678676585, -0.06170837398995812, -0.5647041543906232]], "fy": 1838.7038998852383, "fx": 1840.1893216159958}, {"id": 92, "img_name": "00000092", "width": 1918, "height": 1075, "position": [-0.1986425256230129, 0.2107744620345581, 0.06090895670963049], "rotation": [[-0.583422953035295, 0.054280299395686085, 0.8103525818858665], [-0.0009931424537237335, 0.9977156956533022, -0.06754557213551506], [-0.8121678838390755, -0.04021243271131626, -0.5820363293779824]], "fy": 1838.7038998852383, "fx": 1840.1893216159958}, {"id": 93, "img_name": "00000093", "width": 1918, "height": 1075, "position": [-0.16237023594543606, 0.227865309840258, 0.18369685156828397], "rotation": [[-0.6925636104730123, 0.1493370310257129, 0.7057294783506004], [0.1562935897475687, 0.9861613330532459, -0.05530044298614182], [-0.7042215271151571, 0.07200191910685504, -0.7063198739894876]], "fy": 1838.7038998852383, "fx": 1840.1893216159958}, {"id": 94, "img_name": "00000094", "width": 1918, "height": 1075, "position": [-0.13678316529135623, 0.21801401235723583, 0.23705757798755275], "rotation": [[-0.7325202542328296, 0.200331088474099, 0.6506009008059034], [0.22753368444104133, 0.9728043739364653, -0.0433598027528529], [-0.6415937184724884, 0.1162716863250225, -0.758180977983344]], "fy": 1838.7038998852383, "fx": 1840.1893216159958}, {"id": 95, "img_name": "00000095", "width": 1918, "height": 1075, "position": [-0.10511275802836408, 0.2106848242005699, 0.27805301665440924], "rotation": [[-0.7614984393973787, 0.25689229334467817, 0.5950852681889105], [0.3002232856445441, 0.9534745944217352, -0.027425837254353675], [-0.5744441709619397, 0.15777372218598262, -0.8031944640219011]], "fy": 1838.7038998852383, "fx": 1840.1893216159958}, {"id": 96, "img_name": "00000096", "width": 1918, "height": 1075, "position": [-0.06310930898853558, 0.20141191635534741, 0.29363643013924884], "rotation": [[-0.7947338914030633, 0.37611583211168, 0.47637687044007804], [0.43543002234791706, 0.900084347857143, 0.01577537260016925], [-0.4228459973718998, 0.21996601459661966, -0.8790996615452898]], "fy": 1838.7038998852383, "fx": 1840.1893216159958}, {"id": 97, "img_name": "00000097", "width": 1918, "height": 1075, "position": [-0.01511536379076207, 0.18156477518702854, 0.29125949946665014], "rotation": [[-0.8030286394959733, 0.42273950238369506, 0.42004323262449006], [0.48431408941033716, 0.8736500305159737, 0.0466421159262101], [-0.34725331812364524, 0.24088781061694228, -0.9063046925555964]], "fy": 1838.7038998852383, "fx": 1840.1893216159958}, {"id": 98, "img_name": "00000098", "width": 1918, "height": 1075, "position": [-0.010720166667347812, 0.18013957339734407, 0.29286778530996593], "rotation": [[-0.80341872871365, 0.425534610406713, 0.4164596519449978], [0.4869565884431756, 0.8720881597002271, 0.04832724575697203], [-0.3426246157588876, 0.24162478568366702, -0.9078688427407321]], "fy": 1838.7038998852383, "fx": 1840.1893216159958}, {"id": 99, "img_name": "00000099", "width": 1918, "height": 1075, "position": [-0.0069411996854586416, 0.17728316033946465, 0.292286