[{"id": 0, "img_name": "00000000", "width": 1900, "height": 1066, "position": [0.1911037775762806, 0.19831643434088783, 2.3673382627061628], "rotation": [[-0.997279527321682, -0.0199726067104553, 0.07095519266573129], [0.01198647819346675, 0.9058408585259928, 0.4234485368559084], [-0.07273148372994408, 0.42314705955031945, -0.9031371420046673]], "fy": 1826.7569002067119, "fx": 1822.474188945014}, {"id": 1, "img_name": "00000001", "width": 1900, "height": 1066, "position": [0.18590431761478257, 0.1965958277285284, 2.3790351217434647], "rotation": [[-0.9970364990159415, -0.02136264013175688, 0.07390437900851747], [0.011861832431496019, 0.9064923840791358, 0.42205551120426316], [-0.07600997672280038, 0.421681390641235, -0.9035525929493382]], "fy": 1826.7569002067119, "fx": 1822.474188945014}, {"id": 2, "img_name": "00000002", "width": 1900, "height": 1066, "position": [0.17588628229071218, 0.1695187883690828, 2.4319006987361864], "rotation": [[-0.9952312450797884, -0.03063961585543122, 0.09260660212515029], [0.010530509630416912, 0.9100885914921256, 0.4142799343472994], [-0.09697359013596421, 0.4132795295875548, -0.9054259512737813]], "fy": 1826.7569002067119, "fx": 1822.474188945014}, {"id": 3, "img_name": "00000003", "width": 1900, "height": 1066, "position": [0.10078215625947348, 0.1779659076882866, 2.4436569941087307], "rotation": [[-0.993613293602835, -0.03781010393098283, 0.10631565649731117], [0.00920818907088291, 0.911877648166646, 0.410358823504627], [-0.11246258057576689, 0.40871695684763926, -0.9057055907718821]], "fy": 1826.7569002067119, "fx": 1822.474188945014}, {"id": 4, "img_name": "00000004", "width": 1900, "height": 1066, "position": [0.009204716091403338, 0.18448585109205187, 2.468116407851612], "rotation": [[-0.9912878561182737, -0.045897351832595655, 0.12345776365701153], [0.00824312832823789, 0.9138664459757166, 0.4059312377177649], [-0.1314550765387164, 0.4034123845576227, -0.9055263722486121]], "fy": 1826.7569002067119, "fx": 1822.474188945014}, {"id": 5, "img_name": "00000005", "width": 1900, "height": 1066, "position": [-0.012359166002438285, 0.18737869173936836, 2.479162192350231], "rotation": [[-0.9902674657954293, -0.048606519062218134, 0.13041377416420555], [0.008340640535257413, 0.9146229280874258, 0.40422188601341874], [-0.13892724679687496, 0.40137551709270697, -0.9053159196523621]], "fy": 1826.7569002067119, "fx": 1822.474188945014}, {"id": 6, "img_name": "00000006", "width": 1900, "height": 1066, "position": [-0.068053943308593, 0.18035725790876697, 2.508631189744023], "rotation": [[-0.98660709453667, -0.05785320735961438, 0.15251048294499261], [0.007848718607361145, 0.9170678144769957, 0.39865401197856914], [-0.16292586849893387, 0.3945118883488711, -0.9043315383891434]], "fy": 1826.7569002067119, "fx": 1822.474188945014}, {"id": 7, "img_name": "00000007", "width": 1900, "height": 1066, "position": [-0.10894279366587276, 0.18344585929864127, 2.5234902378661155], "rotation": [[-0.9839171221279005, -0.06446914685086141, 0.16658579137450943], [0.0066864434055788425, 0.9186511705277818, 0.395013061002444], [-0.17850038727726478, 0.38977398065065677, -0.9034455466432979]], "fy": 1826.7569002067119, "fx": 1822.474188945014}, {"id": 8, "img_name": "00000008", "width": 1900, "height": 1066, "position": [-0.20772081855582772, 0.19432674025624078, 2.538527098571605], "rotation": [[-0.9771845932106415, -0.07857232912749, 0.19732374385064383], [0.004289653472453144, 0.9215647518946235, 0.3882009878123538], [-0.2123484628266458, 0.38019047484239044, -0.9002018291329331]], "fy": 1826.7569002067119, "fx": 1822.474188945014}, {"id": 9, "img_name": "00000009", "width": 1900, "height": 1066, "position": [-0.24901978064099253, 0.2030547708063557, 2.535821439658136], "rotation": [[-0.972802141548035, -0.08585339181754302, 0.21513992775163807], [0.003722957046546543, 0.9228630083926035, 0.38511038330767333], [-0.23160771358136192, 0.37543716232410584, -0.8974434824297497]], "fy": 1826.7569002067119, "fx": 1822.474188945014}, {"id": 10, "img_name": "00000010", "width": 1900, "height": 1066, "position": [-0.3005935283714781, 0.21290664329526793, 2.5240359238178427], "rotation": [[-0.9636245476914086, -0.09736622951527608, 0.24889264440016423], [0.004529484902876118, 0.9251929819265527, 0.3794699328805484], [-0.2672212844311669, 0.3667938979097552, -0.8910976498696006]], "fy": 1826.7569002067119, "fx": 1822.474188945014}, {"id": 11, "img_name": "00000011", "width": 1900, "height": 1066, "position": [-0.41801755934747153, 0.19072583173321536, 2.502628629599661], "rotation": [[-0.9479261589493179, -0.1180851335245893, 0.29579029466848844], [0.0008808737766704735, 0.9277509576416096, 0.37319885403959313], [-0.31848896565027324, 0.35402551014800593, -0.8793353836412263]], "fy": 1826.7569002067119, "fx": 1822.474188945014}, {"id": 12, "img_name": "00000012", "width": 1900, "height": 1066, "position": [-0.4573780024557489, 0.18678406146203622, 2.505658617091996], "rotation": [[-0.9437754277917226, -0.12212920328270804, 0.307200910809329], [0.0008372310773263547, 0.928372161339563, 0.37165095061607356], [-0.3305862080315413, 0.35101223305639784, -0.876072583353735]], "fy": 1826.7569002067119, "fx": 1822.474188945014}, {"id": 13, "img_name": "00000013", "width": 1900, "height": 1066, "position": [-0.5450718632104248, 0.20983256871341313, 2.4844822490229244], "rotation": [[-0.9330909793877059, -0.13278194551201777, 0.33423072738953147], [2.6702206178272673e-05, 0.929321395943357, 0.36927190839391266], [-0.3596404085642823, 0.34457321136143704, -0.8671378659358512]], "fy": 1826.7569002067119, "fx": 1822.474188945014}, {"id": 14, "img_name": "00000014", "width": 1900, "height": 1066, "position": [-0.7347058429973967, 0.2595230046156667, 2.4528052641002405], "rotation": [[-0.9110267617124668, -0.15448701473415394, 0.3823140093198593], [-0.0038436536177259535, 0.9303065011216992, 0.36676292110513087], [-0.4123293171368768, 0.3326613537055828, -0.8481279136900316]], "fy": 1826.7569002067119, "fx": 1822.474188945014}, {"id": 15, "img_name": "00000015", "width": 1900, "height": 1066, "position": [-0.8161130444387493, 0.2622897574492158, 2.424858439675076], "rotation": [[-0.8941870073422399, -0.16794600984062782, 0.41499847430917164], [-0.00487751735691516, 0.930569321050168, 0.3660832535703625], [-0.4476670701813586, 0.3253227266866566, -0.8329221558923721]], "fy": 1826.7569002067119, "fx": 1822.474188945014}, {"id": 16, "img_name": "00000016", "width": 1900, "height": 1066, "position": [-0.8692783111450897, 0.25951845204577995, 2.4110029748073187], "rotation": [[-0.8860647371289573, -0.17438283233410043, 0.42951124479311165], [-0.006009986297102779, 0.9307899362250726, 0.3655050952953107], [-0.46352255789907343, 0.3212798194864759, -0.8257881785963257]], "fy": 1826.7569002067119, "fx": 1822.474188945014}, {"id": 17, "img_name": "00000017", "width": 1900, "height": 1066, "position": [-0.9243504868022252, 0.25758883103797753, 2.3979150341153597], "rotation": [[-0.8780031032717286, -0.1809472463111813, 0.44313501858645166], [-0.007355806906758758, 0.9307836345037709, 0.36549653602284826], [-0.47859841490540334, 0.3176474772327831, -0.818561932573024]], "fy": 1826.7569002067119, "fx": 1822.474188945014}, {"id": 18, "img_name": "00000018", "width": 1900, "height": 1066, "position": [-1.0841812226135181, 0.288718191813838, 2.2997348630649266], "rotation": [[-0.8505477355651715, -0.19987111057656967, 0.48643610955792294], [-0.009862395726213872, 0.9308626141434614, 0.3652362615356541], [-0.525805365772829, 0.3058534497874592, -0.7937142965687412]], "fy": 1826.7569002067119, "fx": 1822.474188945014}, {"id": 19, "img_name": "00000019", "width": 1900, "height": 1066, "position": [-1.1685331603975273, 0.27635146001381744, 2.2555300709328754], "rotation": [[-0.8279895559362883, -0.21208440380010632, 0.5190891069220981], [-0.00965120286926822, 0.9309685954828917, 0.364971681788859], [-0.5606604583378464, 0.2971829064555453, -0.7728791435709919]], "fy": 1826.7569002067119, "fx": 1822.474188945014}, {"id": 20, "img_name": "00000020", "width": 1900, "height": 1066, "position": [-1.23394647030939, 0.2557999578857219, 2.240928260395365], "rotation": [[-0.8146203568903925, -0.21961105936956035, 0.5368097025411791], [-0.010660498013379302, 0.9310557443125692, 0.3647212014192135], [-0.5798965665718987, 0.2913866564981094, -0.7607981259788803]], "fy": 1826.7569002067119, "fx": 1822.474188945014}, {"id": 21, "img_name": "00000021", "width": 1900, "height": 1066, "position": [-1.3382687831978852, 0.20067982318954558, 2.217551006107689], "rotation": [[-0.7809310979582826, -0.23642000690060658, 0.5781454839214676], [-0.01357347584007076, 0.9318044716314094, 0.3627067512486208], [-0.6244696798046241, 0.2754015377314131, -0.7308841303653287]], "fy": 1826.7569002067119, "fx": 1822.474188945014}, {"id": 22, "img_name": "00000022", "width": 1900, "height": 1066, "position": [-1.3535674012210073, 0.20905214183096565, 2.2132463856555056], "rotation": [[-0.7724720340127923, -0.23977170423940616, 0.5880446296959694], [-0.013777770172554259, 0.9320931359087153, 0.36195657065583114], [-0.6348993067543951, 0.27149938459964906, -0.7233194000196594]], "fy": 1826.7569002067119, "fx": 1822.474188945014}, {"id": 23, "img_name": "00000023", "width": 1900, "height": 1066, "position": [-1.4252858489497198, 0.24924992769800453, 2.1871525788298354], "rotation": [[-0.7365818060723842, -0.25526856208603194, 0.6263267551156295], [-0.017630877830745094, 0.9329737092842876, 0.35951246144081717], [-0.676118625028228, 0.2537676476520349, -0.6917120686348409]], "fy": 1826.7569002067119, "fx": 1822.474188945014}, {"id": 24, "img_name": "00000024", "width": 1900, "height": 1066, "position": [-1.4409744684400658, 0.263538492325526, 2.1486969254622834], "rotation": [[-0.7186906299871421, -0.2624207603733211, 0.6439092505111039], [-0.01944869889457309, 0.9332727652071298, 0.3586414558217525], [-0.6950579303050877, 0.24522905669542058, -0.6758381339287398]], "fy": 1826.7569002067119, "fx": 1822.474188945014}, {"id": 25, "img_name": "00000025", "width": 1900, "height": 1066, "position": [-1.4341638919240924, 0.28089483182223607, 2.0821176432260065], "rotation": [[-0.6973043149932788, -0.2688306976530286, 0.6644522167102309], [-0.01991974463198583, 0.9339122615279479, 0.35694690297234744], [-0.7164983573362538, 0.23566489718908046, -0.6565760886350563]], "fy": 1826.7569002067119, "fx": 1822.474188945014}, {"id": 26, "img_name": "00000026", "width": 1900, "height": 1066, "position": [-1.4573134405074815, 0.29606414023410366, 1.9605700834219697], "rotation": [[-0.6670147773553284, -0.279594879662248, 0.6905924920358415], [-0.023051808019247166, 0.9342153791580392, 0.3559638176720275], [-0.7446877875570841, 0.2215137210451166, -0.6295806306201621]], "fy": 1826.7569002067119, "fx": 1822.474188945014}, {"id": 27, "img_name": "00000027", "width": 1900, "height": 1066, "position": [-1.5673284999264299, 0.27540780173756624, 1.817886048125251], "rotation": [[-0.6351903259716067, -0.2904986788119026, 0.7156422062739334], [-0.026715608915091418, 0.9342801276375607, 0.35553750764418535], [-0.7718934680591487, 0.20671516806969503, -0.601206547916386]], "fy": 1826.7569002067119, "fx": 1822.474188945014}, {"id": 28, "img_name": "00000028", "width": 1900, "height": 1066, "position": [-1.6794678215528196, 0.19697716239624538, 1.6754684522208358], "rotation": [[-0.5840537537559262, -0.3080462156230023, 0.7509918386799942], [-0.03378787449184009, 0.9336158650261348, 0.35667884168930697], [-0.8110114624719771, 0.1829451983842397, -0.5556900774057564]], "fy": 1826.7569002067119, "fx": 1822.474188945014}, {"id": 29, "img_name": "00000029", "width": 1900, "height": 1066, "position": [-1.688951537660756, 0.1966436036942474, 1.6638973279122127], "rotation": [[-0.5777623672119513, -0.30973288415096356, 0.7551530887900596], [-0.034283423712600125, 0.9335929276091628, 0.3566915928034952], [-0.8154846987480416, 0.18019374571188054, -0.5500135635728792]], "fy": 1826.7569002067119, "fx": 1822.474188945014}, {"id": 30, "img_name": "00000030", "width": 1900, "height": 1066, "position": [-1.7631223867413388, 0.23067230072323278, 1.5870777808068113], "rotation": [[-0.5195993489552562, -0.32651740839709936, 0.789558673297251], [-0.04104754852557762, 0.9325706200648219, 0.35864625657038934], [-0.8534234677610604, 0.1539429134632546, -0.49796582620610697]], "fy": 1826.7569002067119, "fx": 1822.474188945014}, {"id": 31, "img_name": "00000031", "width": 1900, "height": 1066, "position": [-1.803212996635567, 0.17884741905186832, 1.5318703635297937], "rotation": [[-0.47190723880249863, -0.33938243684403585, 0.8137094810358333], [-0.04795885521038605, 0.9314562519178302, 0.3606788030507155], [-0.8803428344529821, 0.1311823628579375, -0.45583734105741897]], "fy": 1826.7569002067119, "fx": 1822.474188945014}, {"id": 32, "img_name": "00000032", "width": 1900, "height": 1066, "position": [-1.8220491518737087, 0.17207192735899998, 1.5118846469374563], "rotation": [[-0.4572635937289258, -0.34276892251794655, 0.8206213935829317], [-0.04953988188259813, 0.9311245405185323, 0.3613210347422498], [-0.8879503398012556, 0.12456546792766389, -0.44275008554126344]], "fy": 1826.7569002067119, "fx": 1822.474188945014}, {"id": 33, "img_name": "00000033", "width": 1900, "height": 1066, "position": [-1.9385145334148943, 0.17017670845429206, 1.3628215080000017], "rotation": [[-0.3916716793647869, -0.35467674883857153, 0.8489980561914544], [-0.05495995545225243, 0.9300893795728007, 0.36319849848611585], [-0.91846213796773, 0.09559367049749484, -0.3837826875727492]], "fy": 1826.7569002067119, "fx": 1822.474188945014}, {"id": 34, "img_name": "00000034", "width": 1900, "height": 1066, "position": [-1.9674306836917723, 0.1811221859073549, 1.3144186494523105], "rotation": [[-0.37174539888226077, -0.3571691406624805, 0.8568754654955957], [-0.05505176259599891, 0.929881506549895, 0.36371649290563035], [-0.9267009559965622, 0.08803742803446098, -0.3653419623039961]], "fy": 1826.7569002067119, "fx": 1822.474188945014}, {"id": 35, "img_name": "00000035", "width": 1900, "height": 1066, "position": [-2.0903111951662634, 0.2292097875542034, 1.148915392979206], "rotation": [[-0.3038738756590311, -0.3655564771449711, 0.8797892530085358], [-0.059491375803832486, 0.9289360797635129, 0.365429248854773], [-0.9508530085649026, 0.05870452904976456, -0.304026864556602]], "fy": 1826.7569002067119, "fx": 1822.474188945014}, {"id": 36, "img_name": "00000036", "width": 1900, "height": 1066, "position": [-2.1281323129354837, 0.2179259786159909, 1.0784814114605463], "rotation": [[-0.2735337152885043, -0.36909743320927363, 0.8882265428362254], [-0.06317357700314472, 0.9283444674786002, 0.366313593619595], [-0.9597856040643115, 0.044086670323349855, -0.2772507163754586]], "fy": 1826.7569002067119, "fx": 1822.474188945014}, {"id": 37, "img_name": "00000037", "width": 1900, "height": 1066, "position": [-2.160736132695432, 0.22789007062421224, 0.968770782794161], "rotation": [[-0.22746526100630485, -0.3719458313558737, 0.8999532507704614], [-0.06822238413635287, 0.927995546058025, 0.36629219592999757], [-0.9713934637097807, 0.021921793572967675, -0.2364617804814526]], "fy": 1826.7569002067119, "fx": 1822.474188945014}, {"id": 38, "img_name": "00000038", "width": 1900, "height": 1066, "position": [-2.219063703229885, 0.23937045441080376, 0.8559676191871688], "rotation": [[-0.18183850290957665, -0.37329428095395556, 0.9097176147941035], [-0.0722420656185065, 0.9277125696227815, 0.36623827232973283], [-0.9806711185788918, 0.0008763395263616766, -0.19566141473029175]], "fy": 1826.7569002067119, "fx": 1822.474188945014}, {"id": 39, "img_name": "00000039", "width": 1900, "height": 1066, "position": [-2.261764437219424, 0.25742339634227046, 0.7238886111512349], "rotation": [[-0.13131766296683844, -0.3718104494666527, 0.9189736998741221], [-0.07254636877661594, 0.9281199356317145, 0.36514436797013494], [-0.9886823027496016, -0.018718299879737808, -0.1488520388820963]], "fy": 1826.7569002067119, "fx": 1822.474188945014}, {"id": 40, "img_name": "00000040", "width": 1900, "height": 1066, "position": [-2.27064958478324, 0.23629094383288698, 0.6461411739250688], "rotation": [[-0.0836130843540004, -0.36928420236686793, 0.9255474218034843], [-0.07397010698634157, 0.9285374350470639, 0.36379479791312125], [-0.9937491008283929, -0.038044836686279976, -0.10495387083988035]], "fy": 1826.7569002067119, "fx": 1822.474188945014}, {"id": 41, "img_name": "00000041", "width": 1900, "height": 1066, "position": [-2.2612017038739443, 0.18914264683328644, 0.5020320676949311], "rotation": [[-0.026249313070375233, -0.363632339448361, 0.9311726452547052], [-0.07663644958264464, 0.9294843007672877, 0.3608126788549883], [-0.9967135135828649, -0.06189068051377475, -0.05226581585359279]], "fy": 1826.7569002067119, "fx": 1822.474188945014}, {"id": 42, "img_name": "00000042", "width": 1900, "height": 1066, "position": [-2.300271120532017, 0.1486369007954424, 0.35170714454481034], "rotation": [[0.023388832063182784, -0.3579756339201473, 0.9334379508323992], [-0.07789958073200451, 0.9302019339947653, 0.3586865167722032], [-0.9966868203485475, -0.08110368371329828, -0.006129814975601627]], "fy": 1826.7569002067119, "fx": 1822.474188945014}, {"id": 43, "img_name": "00000043", "width": 1900, "height": 1066, "position": [-2.3098880081342483, 0.1462581956599095, 0.28919681435184197], "rotation": [[0.05176365703415627, -0.35460111163501906, 0.9335837270634374], [-0.07759575008862983, 0.9305826651651453, 0.35776361310552235], [-0.9956402077952823, -0.09096128254012087, 0.02065482268195837]], "fy": 1826.7569002067119, "fx": 1822.474188945014}, {"id": 44, "img_name": "00000044", "width": 1900, "height": 1066, "position": [-2.304055854384759, 0.15204645050151797, 0.2600639631984346], "rotation": [[0.06527714218329772, -0.3527042654685509, 0.9334551921911792], [-0.07781256325406538, 0.9308027241555641, 0.35714351975699166], [-0.994828678571448, -0.09594784950623234, 0.033315318802553284]], "fy": 1826.7569002067119, "fx": 1822.474188945014}, {"id": 45, "img_name": "00000045", "width": 1900, "height": 1066, "position": [-2.282066936192133, 0.18081717923434754, 0.21089690636613748], "rotation": [[0.10963880072954982, -0.3470509590738901, 0.9314155706130746], [-0.07628516035526114, 0.9313628441524496, 0.3560109925856669], [-0.9910398113517732, -0.11008580443523462, 0.07563866721253826]], "fy": 1826.7569002067119, "fx": 1822.474188945014}, {"id": 46, "img_name": "00000046", "width": 1900, "height": 1066, "position": [-2.148512832899019, 0.07370544276301987, 0.05232939534094443], "rotation": [[0.18845892100200148, -0.3364291360375111, 0.9226584804356458], [-0.0762351615453786, 0.9316467684741645, 0.35527805861859324], [-0.97911768201729, -0.13729433789017084, 0.14992941520725075]], "fy": 1826.7569002067119, "fx": 1822.474188945014}, {"id": 47, "img_name": "00000047", "width": 1900, "height": 1066, "position": [-2.106219633880914, 0.07241526608654242, -0.03908113004100964], "rotation": [[0.21313503709445258, -0.3328207512857869, 0.918587939979788], [-0.07722442858007249, 0.9315107992178473, 0.3554209033962531], [-0.9739660382134625, -0.14669007619498933, 0.17283569640754368]], "fy": 1826.7569002067119, "fx": 1822.474188945014}, {"id": 48, "img_name": "00000048", "width": 1900, "height": 1066, "position": [-2.085139178055501, 0.0741607958292531, -0.14575571081817829], "rotation": [[0.25173839390908315, -0.32784580309492023, 0.910573945610746], [-0.07783123456642481, 0.9309688551743904, 0.3567061670635244], [-0.964660603506716, -0.1606677319449417, 0.2088439607786802]], "fy": 1826.7569002067119, "fx": 1822.474188945014}, {"id": 49, "img_name": "00000049", "width": 1900, "height": 1066, "position": [-2.0832590362275276, 0.06930471678469631, -0.18515654001551834], "rotation": [[0.263921716808081, -0.32617393062263816, 0.9077201630344308], [-0.0783333417955798, 0.9307304961251426, 0.3572179042906203], [-0.9613580056150841, -0.16538231636068068, 0.2200896964307138]], "fy": 1826.7569002067119, "fx": 1822.474188945014}, {"id": 50, "img_name": "00000050", "width": 1900, "height": 1066, "position": [-2.0514738631987504, 0.06534652829612479, -0.3505325352929815], "rotation": [[0.329342922321949, -0.3169363005729268, 0.889429379375106], [-0.07883904678195083, 0.9294623319011278, 0.3603944759280182], [-0.9409131969629038, -0.1888151343406163, 0.2811248847487234]], "fy": 1826.7569002067119, "fx": 1822.474188945014}, {"id": 51, "img_name": "00000051", "width": 1900, "height": 1066, "position": [-2.027704795571266, 0.07098896643968867, -0.38324314870806453], "rotation": [[0.3427943780547042, -0.3149630589745534, 0.8850368838955134], [-0.07853740577227547, 0.9292126744552218, 0.36110342220246955], [-0.936121728339135, -0.19329272390125296, 0.29379249925446443]], "fy": 1826.7569002067119, "fx": 1822.474188945014}, {"id": 52, "img_name": "00000052", "width": 1900, "height": 1066, "position": [-1.9733097140148674, 0.049828592140638193, -0.4464668700165351], "rotation": [[0.3802926296519953, -0.3092386483302989, 0.871635803653808], [-0.0788206728481911, 0.9281798837967697, 0.36368860972922046], [-0.9215013930342852, -0.20701101829097038, 0.3286055704670976]], "fy": 1826.7569002067119, "fx": 1822.474188945014}, {"id": 53, "img_name": "00000053", "width": 1900, "height": 1066, "position": [-1.917835123880475, 0.08922757169476651, -0.5253825121230431], "rotation": [[0.4301789639752931, -0.29951510236460066, 0.8516083386209099], [-0.07798554288925506, 0.9274993630428646, 0.36559976293119817], [-0.8993688420516979, -0.22368646586372382, 0.3756328672200896]], "fy": 1826.7569002067119, "fx": 1822.474188945014}, {"id": 54, "img_name": "00000054", "width": 1900, "height": 1066, "position": [-1.897622398641454, 0.0953999623480882, -0.5497147667830432], "rotation": [[0.44336637196035533, -0.29708580018749997, 0.8456750484327088], [-0.07747467886653825, 0.9272427203502338, 0.3663585834834842], [-0.8929859653708107, -0.22794947879837565, 0.38809161388299845]], "fy": 1826.7569002067119, "fx": 1822.474188945014}, {"id": 55, "img_name": "00000055", "width": 1900, "height": 1066, "position": [-1.8156142810335387, 0.09496957183960311, -0.6703172018494544], "rotation": [[0.4820876884947264, -0.2889935098121187, 0.8270877897105507], [-0.07546358652393652, 0.9268263493289794, 0.36782898920349005], [-0.8728669473125649, -0.2397408381481757, 0.42500308565145056]], "fy": 1826.7569002067119, "fx": 1822.474188945014}, {"id": 56, "img_name": "00000056", "width": 1900, "height": 1066, "position": [-1.7210445902988833, 0.028984496751420435, -0.9001719964545593], "rotation": [[0.5338118673286797, -0.2774204095856166, 0.7988008554354563], [-0.07109751341167031, 0.9265823686425819, 0.36931051664876713], [-0.8426090634960824, -0.2539350910489739, 0.47489676314774343]], "fy": 1826.7569002067119, "fx": 1822.474188945014}, {"id": 57, "img_name": "00000057", "width": 1900, "height": 1066, "position": [-1.6369271232473726, -0.03174909105076015, -1.2001920631088552], "rotation": [[0.5785471634749689, -0.2634761780270139, 0.7719219411620223], [-0.0702653634984734, 0.9267721153791557, 0.3689935295477043], [-0.8126167352002388, -0.26771953564863815, 0.5176681291180504]], "fy": 1826.7569002067119, "fx": 1822.474188945014}, {"id": 58, "img_name": "00000058", "width": 1900, "height": 1066, "position": [-1.5825548654993082, -0.04542694785193992, -1.4110584795552514], "rotation": [[0.6121030105068423, -0.2527568556694829, 0.7492955868284136], [-0.06799974848862773, 0.9272086019170783, 0.3683208421152144], [-0.7878489314163875, -0.27640220773910895, 0.5503597739869827]], "fy": 1826.7569002067119, "fx": 1822.474188945014}, {"id": 59, "img_name": "00000059", "width": 1900, "height": 1066, "position": [-1.5690643688409662, -0.05043491099132421, -1.4352088451629754], "rotation": [[0.6173977319365433, -0.2515818948706617, 0.7453365620797758], [-0.06721722923240195, 0.9271434138311822, 0.3686284501822668], [-0.7837741286199303, -0.2776898276184213, 0.5555056029810325]], "fy": 1826.7569002067119, "fx": 1822.474188945014}, {"id": 60, "img_name": "00000060", "width": 1900, "height": 1066, "position": [-1.4985030748240655, -0.09045795259751678, -1.5130342573953617], "rotation": [[0.6482886519679839, -0.2399805762785535, 0.7225864285596204], [-0.06464189462925377, 0.9282560530552815, 0.3662814838685826], [-0.7586456677450115, -0.28416548519347606, 0.5862650661914641]], "fy": 1826.7569002067119, "fx": 1822.474188945014}, {"id": 61, "img_name": "00000061", "width": 1900, "height": 1066, "position": [-1.4023664401752007, -0.15709728517533025, -1.5230848706929152], "rotation": [[0.6857346392496784, -0.2268861515707011, 0.6915856264834819], [-0.06050707688268417, 0.9291151067596011, 0.36480681468169984], [-0.7253322674335028, -0.29200649413417507, 0.6233981947385167]], "fy": 1826.7569002067119, "fx": 1822.474188945014}, {"id": 62, "img_name": "00000062", "width": 1900, "height": 1066, "position": [-1.3421838387326899, -0.07767174362999259, -1.5982033411872543], "rotation": [[0.7176179423947838, -0.2136982145324964, 0.6628405252085149], [-0.05575011194596529, 0.9310782091774656, 0.3605347326026938], [-0.6942019978155415, -0.29567962645489587, 0.6562447292957131]], "fy": 1826.7569002067119, "fx": 1822.474188945014}, {"id": 63, "img_name": "00000063", "width": 1900, "height": 1066, "position": [-1.2906405965097447, -0.06544559555962567, -1.7564660677676907], "rotation": [[0.7688945491459767, -0.19826133458776324, 0.6078598650191377], [-0.04403225812592762, 0.9320317536596294, 0.3596914933863289], [-0.6378576114917318, -0.30333027111983846, 0.7079042407588955]], "fy": 1826.7569002067119, "fx": 1822.474188945014}, {"id": 64, "img_name": "00000064", "width": 1900, "height": 1066, "position": [-1.2413826326124293, -0.09199680937169868, -1.8741930742600645], "rotation": [[0.7975768320955383, -0.1850445084005216, 0.5741338927595679], [-0.03881852659253218, 0.9340683338555409, 0.35497812563807174], [-0.6019670413715608, -0.30540936069338653, 0.7378081075071121]], "fy": 1826.7569002067119, "fx": 1822.474188945014}, {"id": 65, "img_name": "00000065", "width": 1900, "height": 1066, "position": [-1.1395327277640943, -0.06828770272977697, -2.0058396229029487], "rotation": [[0.8263831660748845, -0.1723991129739925, 0.5360684738667539], [-0.03332379724023586, 0.9353405966860682, 0.3521753721208248], [-0.5621213279760353, -0.3088956361568261, 0.7672047305626628]], "fy": 1826.7569002067119, "fx": 1822.474188945014}, {"id": 66, "img_name": "00000066", "width": 1900, "height": 1066, "position": [-0.9666780590555849, -0.05280275151796387, -2.145441601610179], "rotation": [[0.8546745763486322, -0.16037961917018728, 0.4937709451740874], [-0.0275771617247272, 0.9357210571119341, 0.351661205464198], [-0.518431160998733, -0.3141726930083999, 0.7953141833724302]], "fy": 1826.7569002067119, "fx": 1822.474188945014}, {"id": 67, "img_name": "00000067", "width": 1900, "height": 1066, "position": [-0.842795932821784, -0.05315715190556568, -2.230027833946514], "rotation": [[0.8726312702324731, -0.15099177779997805, 0.4644525263676175], [-0.023531727428365783, 0.9369031883733482, 0.3487960341232274], [-0.4878123860837254, -0.3152996965628996, 0.8140179219959754]], "fy": 1826.7569002067119, "fx": 1822.474188945014}, {"id": 68, "img_name": "00000068", "width": 1900, "height": 1066, "position": [-0.6959774910518558, -0.09180504744781824, -2.3089317334753345], "rotation": [[0.8911194534565077, -0.14512046935876888, 0.42993740130915087], [-0.01962691038416076, 0.9342677801235612, 0.3560315988950493], [-0.4533441342513955, -0.32570502666689655, 0.8296959271587204]], "fy": 1826.7569002067119, "fx": 1822.474188945014}, {"id": 69, "img_name": "00000069", "width": 1900, "height": 1066, "position": [-0.5590132915248246, -0.10735114911081696, -2.3769537760943766], "rotation": [[0.9067762529878363, -0.13760043996165996, 0.3985259664560105], [-0.015994762607697686, 0.9333353648431493, 0.3586492218062499], [-0.4213086690141362, -0.33158892571294185, 0.8441254585416046]], "fy": 1826.7569002067119, "fx": 1822.474188945014}, {"id": 70, "img_name": "00000070", "width": 1900, "height": 1066, "position": [-0.3509130879960622, -0.02497398474340304, -2.4711936813923554], "rotation": [[0.9292148480973078, -0.11404363530460555, 0.3515022266245368], [-0.013115524807098608, 0.940411755093028, 0.3397848052692838], [-0.36930712027326457, -0.3203432223871154, 0.8723488240297613]], "fy": 1826.7569002067119, "fx": 1822.474188945014}, {"id": 71, "img_name": "00000071", "width": 1900, "height": 1066, "position": [-0.058154131763152046, -0.02616235190530696, -2.565794603040686], "rotation": [[0.9610275009381293, -0.08922477005503446, 0.2616583322755843], [-0.004156823076731982, 0.9417138915505712, 0.3363891604713028], [-0.276421531835931, -0.3243669016242338, 0.904642056212385]], "fy": 1826.7569002067119, "fx": 1822.474188945014}, {"id": 72, "img_name": "00000072", "width": 1900, "height": 1066, "position": [0.026737157020827927, -0.033980980919886654, -2.5809003665411123], "rotation": [[0.9703577373153308, -0.08198279872467605, 0.22734265403909742], [-0.00020153023736948746, 0.940428563280565, 0.3399912892290265], [-0.24167296294338533, -0.3299589945422331, 0.9125356107587494]], "fy": 1826.7569002067119, "fx": 1822.474188945014}, {"id": 73, "img_name": "00000073", "width": 1900, "height": 1066, "position": [0.2343633678950487, -0.012576046951017024, -2.58205944376521], "rotation": [[0.9862055533092248, -0.062092550037060906, 0.15343768067831615], [0.006463489145851221, 0.9407134448757388, 0.33914073470770495], [-0.1653990022040861, -0.33347073313848036, 0.9281381579323076]], "fy": 1826.7569002067119, "fx": 1822.474188945014}, {"id": 74, "img_name": "00000074", "width": 1900, "height": 1066, "position": [0.24809642992570627, -0.006039534866125225, -2.5811363220430668], "rotation": [[0.986883000584731, -0.05998550912265264, 0.14987889061563683], [0.005957653342672575, 0.9413043156824296, 0.33750658014960483], [-0.16132715060871317, -0.3321865800614608, 0.9293146003929693]], "fy": 1826.7569002067119, "fx": 1822.474188945014}, {"id": 75, "img_name": "00000075", "width": 1900, "height": 1066, "position": [0.49400263036448694, 0.051732120499534955, -2.546301708024991], "rotation": [[0.9953283846173047, -0.0393904737017123, 0.0881464540220506], [0.00878872212947732, 0.9461613566172125, 0.32357602755396925], [-0.09614658152236928, -0.321289710115078, 0.9420874465970404]], "fy": 1826.7569002067119, "fx": 1822.474188945014}, {"id": 76, "img_name": "00000076", "width": 1900, "height": 1066, "position": [0.7449019050773952, 0.09111505249072101, -2.459790488078619], "rotation": [[0.9996043564255936, -0.02105930018577003, 0.018645012487529936], [0.013799586112310079, 0.944811657137771, 0.32732324078761627], [-0.024509223531223086, -0.326936443995258, 0.9447284581029789]], "fy": 1826.7569002067119, "fx": 1822.474188945014}, {"id": 77, "img_name": "00000077", "width": 1900, "height": 1066, "position": [0.8816937576222267, 0.11406465074806246, -2.418190116800154], "rotation": [[0.9996937136479217, -0.00886009299972214, -0.023107956310832543], [0.015893159001224164, 0.945575757501258, 0.3250136832856178], [0.018970671832828648, -0.32528139445403015, 0.9454269554186895]], "fy": 1826.7569002067119, "fx": 1822.474188945014}, {"id": 78, "img_name": "00000078", "width": 1900, "height": 1066, "position": [0.9452035553798603, 0.11833323914707998, -2.388564847786874], "rotation": [[0.9988325364591326, -0.0017522002125720919, -0.0482751893319013], [0.017306693665580273, 0.9459854963055074, 0.32374668976529875], [0.04510035992075472, -0.3242042112219364, 0.944911417520701]], "fy": 1826.7569002067119, "fx": 1822.474188945014}, {"id": 79, "img_name": "00000079", "width": 1900, "height": 1066, "position": [1.0379886998062362, 0.10259153528642188, -2.3439256166024336], "rotation": [[0.9956114439444816, 0.009873960735702614, -0.09306104225815491], [0.020688100196925806, 0.9465929876716169, 0.32176655855008335], [0.09126804039216713, -0.3222797241377622, 0.9422345377944186]], "fy": 1826.7569002067119, "fx": 1822.474188945014}, {"id": 80, "img_name": "00000080", "width": 1900, "height": 1066, "position": [1.1910664322683795, 0.08847141039022398, -2.2350975250822502], "rotation": [[0.9847360820695008, 0.03467386396480642, -0.17056544734546863], [0.020936115107714714, 0.9492445228103333, 0.31384154441179246], [0.1727904156908197, -0.31262207067373327, 0.9340293963109838]], "fy": 1826.7569002067119, "fx": 1822.474188945014}, {"id": 81, "img_name": "00000081", "width": 1900, "height": 1066, "position": [1.2060069151336035, 0.092144486832713, -2.229571899266177], "rotation": [[0.9833916234588024, 0.03664511605678918, -0.17775840452773442], [0.02121163252562003, 0.9494882784677027, 0.31308477397988643], [0.18025254937631058, -0.31165549011949545, 0.9329415168818022]], "fy": 1826.7569002067119, "fx": 1822.474188945014}, {"id": 82, "img_name": "00000082", "width": 1900, "height": 1066, "position": [1.3591356887504815, 0.10310815101959818, -2.217559516008459], "rotation": [[0.9704673346056277, 0.05466765476372997, -0.23495659170596223], [0.02096264531057984, 0.9511882327993694, 0.3078985438185693], [0.2403200365450859, -0.3037307908438759, 0.9219511303362681]], "fy": 1826.7569002067119, "fx": 1822.474188945014}, {"id": 83, "img_name": "00000083", "width": 1900, "height": 1066, "position": [1.4315107166162258, 0.10341049671177534, -2.2186414946988924], "rotation": [[0.9625986758790729, 0.06329020860971588, -0.26343526470462164], [0.021074850170443075, 0.9518945356915962, 0.3057002512442112], [0.2701104216540872, -0.29981851579683855, 0.9149585879695495]], "fy": 1826.7569002067119, "fx": 1822.474188945014}, {"id": 84, "img_name": "00000084", "width": 1900, "height": 1066, "position": [1.5570565716106382, 0.10631119556142002, -2.1876201019342956], "rotation": [[0.9448374159174492, 0.08082982542828955, -0.3174095096301769], [0.019505603985223028, 0.953466503801568, 0.3008673420987834], [0.326958390159373, -0.29046198623855574, 0.8992941930507193]], "fy": 1826.7569002067119, "fx": 1822.474188945014}, {"id": 85, "img_name": "00000085", "width": 1900, "height": 1066, "position": [1.616457869576786, 0.11855843358329404, -2.155861241529766], "rotation": [[0.9367070718502218, 0.08879878825843461, -0.3386659663290903], [0.01789318680722628, 0.9538960206296193, 0.2996034307094274], [0.3496565392090709, -0.2867004656968849, 0.8919322550269863]], "fy": 1826.7569002067119, "fx": 1822.474188945014}, {"id": 86, "img_name": "00000086", "width": 1900, "height": 1066, "position": [1.7638177448983117, 0.13767239464166509, -2.0782609266330176], "rotation": [[0.9118095675353751, 0.10949436263594088, -0.3957452426775353], [0.015390966889489963, 0.9539995178100411, 0.29941282229793625], [0.4103247868325272, -0.2790983779407505, 0.8681806636534143]], "fy": 1826.7569002067119, "fx": 1822.474188945014}, {"id": 87, "img_name": "00000087", "width": 1900, "height": 1066, "position": [1.7772235001797987, 0.14296880233630777, -2.0660377492029665], "rotation": [[0.9098408795838189, 0.11105087671315937, -0.39982155597138747], [0.01517373114580018, 0.9539763873062822, 0.29949759655992075], [0.414679794204224, -0.2785619414839233, 0.866281659182191]], "fy": 1826.7569002067119, "fx": 1822.474188945014}, {"id": 88, "img_name": "00000088", "width": 1900, "height": 1066, "position": [1.8282423002294501, 0.1595349881272776, -1.9654552917088468], "rotation": [[0.8976340623701825, 0.12312788533553944, -0.4231933528844726], [0.011668931374504046, 0.9532090614115863, 0.3020866122214286], [0.44058702444963205, -0.2761014471089221, 0.8541961512386826]], "fy": 1826.7569002067119, "fx": 1822.474188945014}, {"id": 89, "img_name": "00000089", "width": 1900, "height": 1066, "position": [1.8551895215009595, 0.14600136256962987, -1.9156156430022209], "rotation": [[0.8902905127667976, 0.13264750638882405, -0.4356460052912906], [0.010371301702796225, 0.9504833279199691, 0.31060244597744185], [0.45527490484148353, -0.2810446270523722, 0.8448305620812798]], "fy": 1826.7569002067119, "fx": 1822.474188945014}, {"id": 90, "img_name": "00000090", "width": 1900, "height": 1066, "position": [1.9857666244503323, 0.14540507076625278, -1.8052356134645609], "rotation": [[0.8683593611931439, 0.1476890470222747, -0.4734342248062418], [0.01087768715071428, 0.948726999173345, 0.3159094125881517], [0.4958161914968953, -0.279472765093832, 0.8222294556997587]], "fy": 1826.7569002067119, "fx": 1822.474188945014}, {"id": 91, "img_name": "00000091", "width": 1900, "height": 1066, "position": [2.005766647952873, 0.14584112265979549, -1.8035153114071745], "rotation": [[0.8647691722886657, 0.15053619213504688, -0.47907529002929816], [0.009878119757580956, 0.9487270498940924, 0.3159420952473845], [0.5020724065403622, -0.2779493472860346, 0.8189428911310216]], "fy": 1826.7569002067119, "fx": 1822.474188945014}, {"id": 92, "img_name": "00000092", "width": 1900, "height": 1066, "position": [2.148884225238121, 0.09822667311639656, -1.809258524638522], "rotation": [[0.8310302691756005, 0.1652687853741776, -0.5311072587480545], [0.017542184937571013, 0.94657643803591, 0.3220020476687462], [0.5559505045069614, -0.2769102301038974, 0.783734496498822]], "fy": 1826.7569002067119, "fx": 1822.474188945014}, {"id": 93, "img_name": "00000093", "width": 1900, "height": 1066, "position": [2.1782203531763034, 0.09563522540760457, -1.8029095233181394], "rotation": [[0.8247962461332329, 0.16876080183222086, -0.5396581734111636], [0.01788812466302642, 0.946155008640051, 0.3232192980336802], [0.565147031630325, -0.27624353637739807, 0.7773662851250632]], "fy": 1826.7569002067119, "fx": 1822.474188945014}, {"id": 94, "img_name": "00000094", "width": 1900, "height": 1066, "position": [2.236845004670132, 0.0795955056380844, -1.7308392052056722], "rotation": [[0.8084652773976477, 0.17741197142922663, -0.5611674328005324], [0.02060248133478106, 0.9443689410889808, 0.32824204616308245], [0.5881831628032163, -0.27693373846476793, 0.7598343710932881]], "fy": 1826.7569002067119, "fx": 1822.474188945014}, {"id": 95, "img_name": "00000095", "width": 1900, "height": 1066, "position": [2.373718416917754, 0.055382919401562945, -1.5599362738751208], "rotation": [[0.7616711136488415, 0.19489784544577973, -0.6179578824430728], [0.03050680892373364, 0.9418481448823678, 0.33465117150688883], [0.6472452774970433, -0.27374605352814735, 0.7114328140699866]], "fy": 1826.7569002067119, "fx": 1822.474188945014}, {"id": 96, "img_name": "00000096", "width": 1900, "height": 1066, "position": [2.4011890577046286, 0.06765368194047311, -1.504921904153256], "rotation": [[0.7492087224798047, 0.2002505203629606, -0.6313366924665019], [0.03249217606512193, 0.9409400201928428, 0.3370105886972182], [0.6615365059123585, -0.27300477558800307, 0.698453895294036]], "fy": 1826.7569002067119, "fx": 1822.474188945014}, {"id": 97, "img_name": "00000097", "width": 1900, "height": 1066, "position": [2.5133127513460267, 0.053900693493178393, -1.4572929291028707], "rotation": [[0.708639946680786, 0.21577108539732656, -0.6717680140306718], [0.03713104102895045, 0.9393684914692733, 0.3408931255200789], [0.7045925856552561, -0.2665139319833046, 0.6576622326836467]], "fy": 1826.7569002067119, "fx": 1822.474188945014}, {"id": 98, "img_name": "00000098", "width": 1900, "height": 1066, "position": [2.612703240387042, 0.011948095226317864, -1.39342382878918], "rotation": [[0.6746645099339519, 0.22804041524187124, -0.7020152192452065], [0.04081087616623274, 0.938100493336099, 0.34395048595562705], [0.7369954351433428, -0.2607010422282245, 0.6235965804580654]], "fy": 1826.7569002067119, "fx": 1822.474188945014}, {"id": 99, "img_name": "00000099", "width": 1900, "height": 1066, "position": [2.671345033582804, -0.027331090417663607, -1.317744093961741], "rotation": [[0.6543469913988846, 0.23533576813047793, -0.7186425335907038], [0.04488287139898966, 0.9365787644292659, 0.34757120979035544], [0.754